"x"	"y"	"z.1"	"z.2"	"z.3"	"z.4"	"z.5"	"z.6"	"z.7"	"z.8"	"z.9"	"z.10"	"z.11"	"z.12"	"z.13"	"z.14"	"z.15"	"z.16"	"z.17"	"z.18"	"z.19"	"z.20"	"z.21"	"z.22"	"z.23"	"z.24"	"z.25"	"z.26"	"z.27"	"z.28"	"z.29"	"z.30"	"z.31"	"z.32"	"z.33"	"z.34"	"z.35"	"z.36"	"z.37"	"z.38"	"z.39"	"z.40"	"z.41"	"z.42"	"z.43"	"z.44"	"z.45"	"z.46"	"z.47"	"z.48"	"z.49"	"z.50"	"z.51"	"z.52"	"z.53"	"z.54"	"z.55"	"z.56"	"z.57"	"z.58"	"z.59"	"z.60"	"z.61"	"z.62"	"z.63"	"z.64"	"z.65"	"z.66"	"z.67"	"z.68"	"z.69"	"z.70"	"z.71"	"z.72"	"z.73"	"z.74"	"z.75"	"z.76"	"z.77"	"z.78"	"z.79"	"z.80"	"z.81"	"z.82"	"z.83"	"z.84"	"z.85"	"z.86"	"z.87"	"z.88"	"z.89"	"z.90"	"z.91"	"z.92"	"z.93"	"z.94"	"z.95"	"z.96"	"z.97"	"z.98"	"z.99"	"z.100"
-1.5	-1.5	0	0	0	0	0	0	0	0	0	0	0	0	0	0	0	0	0	0	0	0	0	0	0	0	0	0	0	0	0	0	0	0	0	0	0	0	0	0	0	0	0	0	0	0	0	0	0	0	0	0	0	0	0	0	0	0	0	0	0	0	0	0	0	0	0	0	0	0	0	0	0	0	0	0	0	0	0	0	0	0	0	0	0	0	0	0	0	0	0	0	0	0	0	0	0	0	0	0	0	0
-1.46969696969697	-1.46969696969697	0	0	0	0	0	0	0	0	0	0	0	0	0	0	0	0	0	0	0	0	0	0	0	0	0	0	0	0	0	0	0	0	0	0	0	0	0	0	0	0	0	0	0	0	0	0	0	0	0	0	0	0	0	0	0	0	0	0	0	0	0	0	0	0	0	0	0	0	0	0	0	0	0	0	0	0	0	0	0	0	0	0	0	0	0	0	0	0	0	0	0	0	0	0	0	0	0	0	0	0
-1.43939393939394	-1.43939393939394	0	0	0	0	0	0	0	0	0	0	0	0	0	0	0	0	0	0	0	0	0	0	0	0	0	0	0	0	0	0	0	0	0	0	0	0	0	0	0	0	0	0	0	0	0	0	0	0	0	0	0	0	0	0	0	0	0	0	0	0	0	0	0	0	0	0	0	0	0	0	0	0	0	0	0	0	0	0	0	0	0	0	0	0	0	0	0	0	0	0	0	0	0	0	0	0	0	0	0	0
-1.40909090909091	-1.40909090909091	0	0	0	0	0	0	0	0	0	0	0	0	0	0	0	0	0	0	0	0	0	0	0	0	0	0	0	0	0	0	0	0	0	0	0	0	0	0	0	0	0	0	0	0	0	0	0	0	0	0	0	0	0	0	0	0	0	0	0	0	0	0	0	0	0	0	0	0	0	0	0	0	0	0	0	0	0	0	0	0	0	0	0	0	0	0	0	0	0	0	0	0	0	0	0	0	0	0	0	0
-1.37878787878788	-1.37878787878788	0	0	0	0	0	0	0	0	0	0	0	0	0	0	0	0	0	0	0	0	0	0	0	0	0	0	0	0	0	0	0	0	0	0	0	0	0	0	0	0	0	0	0	0	0	0	0	0	0	0	0	0	0	0	0	0	0	0	0	0	0	0	0	0	0	0	0	0	0	0	0	0	0	0	0	0	0	0	0	0	0	0	0	0	0	0	0	0	0	0	0	0	0	0	0	0	0	0	0	0
-1.34848484848485	-1.34848484848485	0	0	0	0	0	0	0	0	0	0	0	0	0	0	0	0	0	0	0	0	0	0	0	0	0	0	0	0	0	0	0	0	0	0	0	0	0	0	0	0	0	0	0	0	0	0	0	0	0	0	0	0	0	0	0	0	0	0	0	0	0	0	0	0	0	0	0	0	0	0	0	0	0	0	0	0	0	0	0	0	0	0	0	0	0	0	0	0	0	0	0	0	0	0	0	0	0	0	0	0
-1.31818181818182	-1.31818181818182	0	0	0	0	0	0	0	0	0	0	0	0	0	0	0	0	0	0	0	0	0	0	0	0	0	0	0	0	0	0	0	0	0	0	0	0	0	0	0	0	0	0	0	0	0	0	0	0	0	0	0	0	0	0	0	0	0	0	0	0	0	0	0	0	0	0	0	0	0	0	0	0	0	0	0	0	0	0	0	0	0	0	0	0	0	0	0	0	0	0	0	0	0	0	0	0	0	0	0	0
-1.28787878787879	-1.28787878787879	0	0	0	0	0	0	0	0	0	0	0	0	0	0	0	0	0	0	0	0	0	0	0	0	0	0	0	0	0	0	0	0	0	0	0	0	0	0	0	0	0	0	0	0	0	0	0	0	0	0	0	0	0	0	0	0	0	0	0	0	0	0	0	0	0	0	0	0	0	0	0	0	0	0	0	0	0	0	0	0	0	0	0	0	0	0	0	0	0	0	0	0	0	0	0	0	0	0	0	0
-1.25757575757576	-1.25757575757576	0	0	0	0	0	0	0	0	0	0	0	0	0	0	0	0	0	0	0	0	0	0	0	0	0	0	0	0	0	0	0	0	0	0	0	0	0	0	0	0	0	0	0	0	0	0	0	0	0	0	0	0	0	0	0	0	0	0	0	0	0	0	0	0	0	0	0	0	0	0	0	0	0	0	0	0	0	0	0	0	0	0	0	0	0	0	0	0	0	0	0	0	0	0	0	0	0	0	0	0
-1.22727272727273	-1.22727272727273	0	0	0	0	0	0	0	0	0	0	0	0	0	0	0	0	0	0	0	0	0	0	0	0	0	0	0	0	0	0	0	0	0	0	0	0	0	0	0	0	0	0	0	0	0	0	0	0	0	0	0	0	0	0	0	0	0	0	0	0	0	0	0	0	0	0	0	0	0	0	0	0	0	0	0	0	0	0	0	0	0	0	0	0	0	0	0	0	0	0	0	0	0	0	0	0	0	0	0	0
-1.1969696969697	-1.1969696969697	0	0	0	0	0	0	0	0	0	0	0	0	0	0	0	0	0	0	0	0	0	0	0	0	0	0	0	0	0	0	0	0	0	0	0	0	0	0	0	0	0	0	0	0	0	0	0	0	0	0	0	0	0	0	0	0	0	0	0	0	0	0	0	0	0	0	0	0	0	0	0	0	0	0	0	0	0	0	0	0	0	0	0	0	0	0	0	0	0	0	0	0	0	0	0	0	0	0	0	0
-1.16666666666667	-1.16666666666667	0	0	0	0	0	0	0	0	0	0	0	0	0	0	0	0	0	0	0	0	0	0	0	0	0	0	0	0	0	0	0	0	0	0	0	0	0	0	0	0	0	0	0	0	0	0	0	0	0	0	0	0	0	0	0	0	0	0	0	0	0	0	0	0	0	0	0	0	0	0	0	0	0	0	0	0	0	0	0	0	0	0	0	0	0	0	0	0	0	0	0	0	0	0	0	0	0	0	0	0
-1.13636363636364	-1.13636363636364	0	0	0	0	0	0	0	0	0	0	0	0	0	0	0	0	0	0	0	0	0	0	0	0	0	0	0	0	0	0	0	0	0	0	0	0	0	0	0	0	0	0	0	0	0	0	0	0	0	0	0	0	0	0	0	0	0	0	0	0	0	0	0	0	0	0	0	0	0	0	0	0	0	0	0	0	0	0	0	0	0	0	0	0	0	0	0	0	0	0	0	0	0	0	0	0	0	0	0	0
-1.10606060606061	-1.10606060606061	0	0	0	0	0	0	0	0	0	0	0	0	0	0	0	0	0	0	0	0	0	0	0	0	0	0	0	0	0	0	0	0	0	0	0	0	0	0	0	0	0	0	0	0	0	0	0	0	0	0	0	0	0	0	0	0	0	0	0	0	0	0	0	0	0	0	0	0	0	0	0	0	0	0	0	0	0	0	0	0	0	0	0	0	0	0	0	0	0	0	0	0	0	0	0	0	0	0	0	0
-1.07575757575758	-1.07575757575758	0	0	0	0	0	0	0	0	0	0	0	0	0	0	0	0	0	0	0	0	0	0	0	0	0	0	0	0	0	0	0	0	0	0	0	0	0	0	0	0	0	0	0	0	0	0	0	0	0	0	0	0	0	0	0	0	0	0	0	0	0	0	0	0	0	0	0	0	0	0	0	0	0	0	0	0	0	0	0	0	0	0	0	0	0	0	0	0	0	0	0	0	0	0	0	0	0	0	0	0
-1.04545454545455	-1.04545454545455	0	0	0	0	0	0	0	0	0	0	0	0	0	0	0	0	0	0	0	0	0	0	0	0	0	0	0	0	0	0	0	0	0	5.71683358802906e-320	9.00421003333847e-317	6.60603621329203e-315	2.25935794699714e-314	3.60228651156852e-315	2.67744944112451e-317	9.33784070639956e-321	0	0	0	0	0	0	0	0	0	0	0	0	0	0	0	0	0	0	0	0	0	0	0	0	0	0	0	0	0	0	0	0	0	0	0	0	0	0	0	0	0	0	0	0	0	0	0	0	0	0	0	0	0	0	0	0	0	0	0	0
-1.01515151515152	-1.01515151515152	0	0	0	0	0	0	0	0	0	0	0	0	0	0	0	0	0	0	0	0	0	0	0	0	0	0	0	0	0	0	1.03753785626662e-322	1.6649163509477e-315	1.20570384726091e-309	4.07040684377558e-305	6.40595634032186e-302	4.6997976135591e-300	1.60739803247162e-299	2.56281288520105e-300	1.90484523342959e-302	6.60012293306172e-306	1.06609076116692e-310	8.02761715074895e-317	0	0	0	0	0	0	0	0	0	0	0	0	0	0	0	0	0	0	0	0	0	0	0	0	0	0	0	0	0	0	0	0	0	0	0	0	0	0	0	0	0	0	0	0	0	0	0	0	0	0	0	0	0	0	0	0	0	0
-0.984848484848485	-0.984848484848485	0	0	0	0	0	0	0	0	0	0	0	0	0	0	0	0	0	0	0	0	0	0	0	0	0	0	0	0	0	1.00005576367113e-316	3.33253720058978e-308	5.17695439714578e-301	3.74906195511943e-295	1.26566820317759e-290	1.99189361190882e-287	1.46137437161466e-285	4.99811222352838e-285	7.96892643965803e-286	5.92301890804209e-288	2.05227794996117e-291	3.31496839787814e-296	2.49616524072001e-302	8.7623142254987e-310	1.43387731736047e-318	0	0	0	0	0	0	0	0	0	0	0	0	0	0	0	0	0	0	0	0	0	0	0	0	0	0	0	0	0	0	0	0	0	0	0	0	0	0	0	0	0	0	0	0	0	0	0	0	0	0	0	0	0	0	0	0
-0.954545454545455	-0.954545454545455	0	0	0	0	0	0	0	0	0	0	0	0	0	0	0	0	0	0	0	0	0	0	0	0	0	0	0	0	1.90132041611564e-312	1.3590970661892e-302	4.52898512714682e-294	7.0355860395145e-287	5.09505210861194e-281	1.72006947490782e-276	2.70702590725116e-273	1.98603996507305e-271	6.79254968222555e-271	1.08299663490234e-271	8.04954045595403e-274	2.7891067142165e-277	4.50515533366343e-282	3.39238998556137e-288	1.19084230411887e-295	1.94875314822741e-304	1.48667430912011e-314	0	0	0	0	0	0	0	0	0	0	0	0	0	0	0	0	0	0	0	0	0	0	0	0	0	0	0	0	0	0	0	0	0	0	0	0	0	0	0	0	0	0	0	0	0	0	0	0	0	0	0	0	0	0	0
-0.924242424242424	-0.924242424242424	0	0	0	0	0	0	0	0	0	0	0	0	0	0	0	0	0	0	0	0	0	0	0	0	0	0	1.03753785626662e-321	7.46437196128785e-310	1.12938326142772e-298	8.07272946628036e-289	2.6901147336501e-280	4.17897963895502e-273	3.02634688188959e-267	1.02168309553132e-262	1.60791408214281e-259	1.17966504520216e-257	4.03463253901899e-257	6.4327830007803e-258	4.78127579934616e-260	1.65668203930594e-263	2.67599760660866e-268	2.01504385317626e-274	7.07354317456815e-282	1.15756507101134e-290	8.83106059321757e-301	3.14082630586524e-312	0	0	0	0	0	0	0	0	0	0	0	0	0	0	0	0	0	0	0	0	0	0	0	0	0	0	0	0	0	0	0	0	0	0	0	0	0	0	0	0	0	0	0	0	0	0	0	0	0	0	0	0	0	0
-0.893939393939394	-0.893939393939394	0	0	0	0	0	0	0	0	0	0	0	0	0	0	0	0	0	0	0	0	0	0	0	0	0	2.66128460132387e-319	7.80171866287387e-308	2.00337740373885e-296	2.93232789070886e-285	2.09572598381027e-275	6.98368666682933e-267	1.08488646017266e-259	7.85656798239994e-254	2.65234838452883e-249	4.1742406054213e-246	3.06248348608153e-244	1.04741699865815e-243	1.66999581249875e-244	1.24125641881121e-246	4.30089319794868e-250	6.94716793165061e-255	5.23130834227434e-261	1.83640405537435e-268	3.00527691426547e-277	2.29278489235159e-287	8.15475327804024e-299	1.35218439740372e-311	0	0	0	0	0	0	0	0	0	0	0	0	0	0	0	0	0	0	0	0	0	0	0	0	0	0	0	0	0	0	0	0	0	0	0	0	0	0	0	0	0	0	0	0	0	0	0	0	0	0	0	0	0
-0.863636363636364	-0.863636363636364	0	0	0	0	0	0	0	0	0	0	0	0	0	0	0	0	0	0	0	0	0	0	0	0	1.83862083509007e-318	1.06925143758794e-305	2.96687609495415e-294	2.53654978296548e-283	3.32868959836341e-272	2.37789781674251e-262	7.92396854087394e-254	1.23095565164855e-246	8.91438054475612e-241	3.00946380570576e-236	4.73626955511498e-233	3.47482736972093e-231	1.18844718286862e-230	1.89485854076677e-231	1.40839532729596e-233	4.88004836317875e-237	7.88273163058778e-242	5.93586886462015e-248	2.08376872273168e-255	3.41017235623526e-264	2.60177923351315e-274	9.25422618490115e-286	1.53460737071449e-298	1.18647678199206e-312	0	0	0	0	0	0	0	0	0	0	0	0	0	0	0	0	0	0	0	0	0	0	0	0	0	0	0	0	0	0	0	0	0	0	0	0	0	0	0	0	0	0	0	0	0	0	0	0	0	0	0	0
-0.833333333333333	-0.833333333333333	0	0	0	0	0	0	0	0	0	0	0	0	0	0	0	0	0	0	0	0	0	0	0	2.59799479209161e-319	3.23330528711496e-305	1.87883316326498e-292	5.12778530354579e-281	1.72045799283761e-270	1.65345618889458e-259	1.17922834593902e-249	3.92956813575578e-241	6.10442333031655e-234	4.42072650992837e-228	1.49242306549784e-223	2.34876596956873e-220	1.72320641197553e-218	5.89365916705973e-218	9.39687531965253e-219	6.98447032893339e-221	2.42011641728627e-224	3.90925096619617e-229	2.94379719088571e-235	1.03343441476857e-242	1.6913128620328e-251	1.29044248694043e-261	4.59026895094427e-273	7.61269554634451e-286	5.88657786188677e-300	2.12248704241319e-315	0	0	0	0	0	0	0	0	0	0	0	0	0	0	0	0	0	0	0	0	0	0	0	0	0	0	0	0	0	0	0	0	0	0	0	0	0	0	0	0	0	0	0	0	0	0	0	0	0	0	0
-0.803030303030303	-0.803030303030303	0	0	0	0	0	0	0	0	0	0	0	0	0	0	0	0	0	0	0	0	0	0	7.26276499386632e-322	2.00076115966648e-306	2.48656461961253e-292	1.44356925392805e-279	3.91939397651338e-268	7.27950751444089e-258	3.60470162513017e-247	2.55595808423431e-237	8.5170861660512e-229	1.32309505915211e-221	9.58165163478822e-216	3.23473831157614e-211	5.09081866431856e-208	3.73496186163801e-206	1.27742472334901e-205	2.03674114905062e-206	1.5138709390771e-208	5.24560979849587e-212	8.47343641984333e-217	6.38091607369449e-223	2.24011997670066e-230	3.6663290956552e-239	2.79752421853678e-249	9.95207060968185e-261	1.65071402774219e-273	1.27667480857644e-287	4.60451554852672e-303	7.74003240774897e-320	0	0	0	0	0	0	0	0	0	0	0	0	0	0	0	0	0	0	0	0	0	0	0	0	0	0	0	0	0	0	0	0	0	0	0	0	0	0	0	0	0	0	0	0	0	0	0	0	0	0
-0.772727272727273	-0.772727272727273	0	0	0	0	0	0	0	0	0	0	0	0	0	0	0	0	0	0	0	0	0	0	2.54166515711906e-309	6.74082700450883e-294	8.36399581007445e-280	4.85017528376797e-267	1.31411683757036e-255	1.88104225847593e-245	3.4850065090053e-235	2.42146677637679e-225	8.06829015975653e-217	1.25337689299238e-209	9.07677249377966e-204	3.06429702272374e-199	4.8225890162482e-196	3.53818165417462e-194	1.21012768932289e-193	1.92945435465199e-194	1.43414005214036e-196	4.9694067821123e-200	8.02743171974326e-205	6.04522343702013e-211	2.12235675371138e-218	3.47379596230428e-227	2.65084296153152e-237	9.43143041359895e-249	1.5646386599577e-261	1.21041825604838e-275	4.36719312498474e-291	7.35025146138593e-308	0	0	0	0	0	0	0	0	0	0	0	0	0	0	0	0	0	0	0	0	0	0	0	0	0	0	0	0	0	0	0	0	0	0	0	0	0	0	0	0	0	0	0	0	0	0	0	0	0	0
-0.742424242424242	-0.742424242424242	0	0	0	0	0	0	0	0	0	0	0	0	0	0	0	0	0	0	0	0	0	6.66589753055515e-314	3.75814714341492e-297	9.93883068076004e-282	1.23073653793486e-267	7.12684691221168e-255	1.92836398197963e-243	2.52683082779962e-233	1.5459233039931e-223	1.00284883982057e-213	3.3405388670674e-205	5.18939393552207e-198	3.75808841488175e-192	1.26872429283062e-187	1.99672329571528e-184	1.46493902551172e-182	5.01040940168899e-182	7.98877666475317e-183	5.93803531800963e-185	2.05761273718071e-188	3.32389368197478e-193	2.50322212802067e-199	8.78879538552635e-207	1.4386326954095e-215	1.09794297866169e-225	3.90702281559247e-237	6.48317066972508e-250	5.01719150058798e-264	1.81111857155314e-279	3.05044346958168e-296	2.39815159598556e-314	0	0	0	0	0	0	0	0	0	0	0	0	0	0	0	0	0	0	0	0	0	0	0	0	0	0	0	0	0	0	0	0	0	0	0	0	0	0	0	0	0	0	0	0	0	0	0	0	0
-0.712121212121212	-0.712121212121212	0	0	0	0	0	0	0	0	0	0	0	0	0	0	0	0	0	0	0	0	3.64175787549583e-320	4.33847425040947e-302	2.43413476900109e-285	6.41493413619932e-270	7.92405117226427e-256	4.58060535698474e-243	1.23777078211865e-231	1.57859310510195e-221	3.45791075482469e-212	1.81655326104674e-202	6.04501030875176e-194	9.39065826014376e-187	6.8005991351767e-181	2.29587683757052e-176	3.61327386285424e-173	2.65097085508379e-171	9.06696853635554e-171	1.44568685151186e-171	1.07459310703294e-173	3.72370716320723e-177	6.01553648867302e-182	4.53052858884666e-188	1.59078339276599e-195	2.60422346904183e-204	1.98781329156673e-214	7.07521069505894e-226	1.17441620912999e-238	9.09283215822008e-253	3.28457823066968e-268	5.53757364461686e-285	4.35955431163622e-303	1.03753785626662e-322	0	0	0	0	0	0	0	0	0	0	0	0	0	0	0	0	0	0	0	0	0	0	0	0	0	0	0	0	0	0	0	0	0	0	0	0	0	0	0	0	0	0	0	0	0	0	0	0
-0.681818181818182	-0.681818181818182	0	0	0	0	0	0	0	0	0	0	0	0	0	0	0	0	0	0	0	0	1.04834491106686e-308	1.23876781442421e-290	6.90947654491607e-274	1.81318558777532e-258	2.23292915922206e-244	1.28799808060356e-231	3.47506759007191e-220	4.39405752180111e-210	4.58602859315183e-201	1.44180091825837e-191	4.78108228397405e-183	7.42711317815043e-176	5.37863688514769e-170	1.81582998130183e-165	2.85778606993009e-162	2.09670355954462e-160	7.17131644508354e-160	1.14345167521834e-160	8.49958050451262e-163	2.94539291350811e-166	4.75841983270064e-171	3.58399341060576e-177	1.25855649274017e-184	2.06064244425728e-193	1.57322462900592e-203	5.60126033023145e-215	9.30160814522435e-228	7.20624229432929e-242	2.60545552238052e-257	4.39835742189107e-274	3.4691687767003e-292	1.27969402865361e-311	0	0	0	0	0	0	0	0	0	0	0	0	0	0	0	0	0	0	0	0	0	0	0	0	0	0	0	0	0	0	0	0	0	0	0	0	0	0	0	0	0	0	0	0	0	0	0	0
-0.651515151515151	-0.651515151515151	0	0	0	0	0	0	0	0	0	0	0	0	0	0	0	0	0	0	0	5.3858901380157e-317	1.32661417992573e-297	1.55289743095601e-279	8.60060455635618e-263	2.24530835795865e-247	2.75478443988604e-233	1.58480081438178e-220	4.26782073958136e-209	5.37789862187865e-199	3.85405778773301e-190	5.04621510530999e-181	1.65277980046626e-172	2.56737265487778e-165	1.85926994990623e-159	6.27693292359558e-155	9.87881915038957e-152	7.24797554409992e-150	2.47904778801574e-149	3.95287415248194e-150	2.93836628667857e-152	1.01828862595262e-155	1.6451982358552e-160	1.23926151319881e-166	4.35237973523713e-174	7.12756309179186e-183	5.44316093554331e-193	1.93875316958662e-204	3.22143488394641e-217	2.49785438980251e-231	9.04210863442744e-247	1.52909119667376e-263	1.20906225100798e-281	4.47570887069449e-301	7.26276499386632e-322	0	0	0	0	0	0	0	0	0	0	0	0	0	0	0	0	0	0	0	0	0	0	0	0	0	0	0	0	0	0	0	0	0	0	0	0	0	0	0	0	0	0	0	0	0	0	0
-0.621212121212121	-0.621212121212121	0	0	0	0	0	0	0	0	0	0	0	0	0	0	0	0	0	0	0	3.04159082093449e-306	7.38844424351148e-287	8.55391402695485e-269	4.69777656978982e-252	1.2187666251456e-236	1.48851776179645e-222	8.53539888711987e-210	2.29324302120189e-198	2.88329426165899e-188	1.7982545901021e-179	7.95740938369818e-171	2.49747900038367e-162	3.87885082879156e-155	2.80904219413647e-149	9.48344436329511e-145	1.49254593563008e-141	1.09507854101867e-139	3.74560487819366e-139	5.97258559072069e-140	4.43989995785454e-142	1.5387356079267e-145	2.48627284169295e-150	1.87304282915852e-156	6.57945541251504e-164	1.0777490988447e-172	8.23363718155336e-183	2.93426829484525e-194	4.87941828008517e-207	3.78771332824459e-221	1.37336087267149e-236	2.32785383838366e-253	1.84672385741904e-271	6.86800814259448e-291	1.2000524924607e-311	0	0	0	0	0	0	0	0	0	0	0	0	0	0	0	0	0	0	0	0	0	0	0	0	0	0	0	0	0	0	0	0	0	0	0	0	0	0	0	0	0	0	0	0	0	0	0
-0.590909090909091	-0.590909090909091	0	0	0	0	0	0	0	0	0	0	0	0	0	0	0	0	0	0	1.52198918226605e-316	7.58091241636393e-296	1.8129424824881e-276	2.0723622479557e-258	1.12687494798701e-241	2.90164087554688e-226	3.52433002295527e-212	2.01285042070909e-199	5.39262914675104e-188	6.76538165399911e-178	4.03777717182303e-169	6.0353899441534e-161	1.6501467302581e-152	2.56131770918806e-145	1.85489880717101e-139	6.26227055203163e-135	9.85595915628582e-132	7.23143305593832e-130	2.47350346692346e-129	3.94429637471562e-130	2.93227283120514e-132	1.01631888148629e-135	1.64234786335547e-140	1.23747652891748e-146	4.34795119938849e-154	7.12467115771532e-163	5.44576704589814e-173	1.94215886540762e-184	3.23303375668325e-197	2.51348244683796e-211	9.13319054150096e-227	1.55284941195989e-243	1.23725940386814e-261	4.62935856550726e-281	8.15655213145428e-302	0	0	0	0	0	0	0	0	0	0	0	0	0	0	0	0	0	0	0	0	0	0	0	0	0	0	0	0	0	0	0	0	0	0	0	0	0	0	0	0	0	0	0	0	0	0	0
-0.560606060606061	-0.560606060606061	0	0	0	0	0	0	0	0	0	0	0	0	0	0	0	0	0	0	1.7086716825549e-306	8.34702074688792e-286	1.96199191955841e-266	2.2104785304801e-248	1.18812615045136e-231	3.03219015489721e-216	3.65843822824092e-202	2.07930087757235e-189	5.55121508738647e-178	6.9467416614917e-168	4.08800367370087e-159	2.54152551015559e-151	4.77262150583068e-143	7.39217791659419e-136	5.35339247988269e-130	1.80736451040637e-125	2.8445932286084e-122	2.08716266489578e-120	7.13936976378485e-120	1.13851623963231e-120	8.46459938379561e-123	2.93412659123214e-126	4.74222073798512e-131	3.57397587328845e-137	1.25614867091716e-144	2.0593300771145e-153	1.57512722129213e-163	5.62298427630912e-175	9.37354246024963e-188	7.30204701754203e-202	2.66095685350944e-217	4.54262633864766e-234	3.64002511608498e-252	1.37266753997389e-271	2.44427104575508e-292	2.06366531733129e-314	0	0	0	0	0	0	0	0	0	0	0	0	0	0	0	0	0	0	0	0	0	0	0	0	0	0	0	0	0	0	0	0	0	0	0	0	0	0	0	0	0	0	0	0	0	0
-0.53030303030303	-0.53030303030303	0	0	0	0	0	0	0	0	0	0	0	0	0	0	0	0	0	8.55242454920573e-319	8.48768105788823e-297	4.06326669004417e-276	9.37416802587277e-257	1.03916729006501e-238	5.51155590976502e-222	1.39191964462877e-206	1.66607154821771e-192	9.41360868511457e-180	2.50248338751904e-168	3.12199530157617e-158	1.8268468455803e-149	6.7875951908813e-142	6.06587219276067e-134	9.32475079078e-127	6.75283108174596e-121	2.27986604548525e-116	3.58834052566471e-113	2.63295908883029e-111	9.00675707303796e-111	1.43640815995651e-111	1.06804256533323e-113	3.70274655993456e-117	5.98574257593377e-122	4.51252544584314e-128	1.58671707881977e-135	2.6029104342166e-144	1.99271358228866e-154	7.12303971045785e-166	1.18964625940716e-178	9.29226646318044e-193	3.39908283638915e-208	5.83365428952536e-225	4.70905669304814e-243	1.79363889186429e-262	3.23642913080738e-283	2.77918383188144e-305	0	0	0	0	0	0	0	0	0	0	0	0	0	0	0	0	0	0	0	0	0	0	0	0	0	0	0	0	0	0	0	0	0	0	0	0	0	0	0	0	0	0	0	0	0	0
-0.5	-0.5	0	0	0	0	0	0	0	0	0	0	0	0	0	0	0	0	0	1.91790955608197e-309	1.8657278414768e-287	8.74987496629782e-267	1.97916975719025e-247	2.1553564128665e-229	1.12605522852612e-212	2.80940237824071e-197	3.33116717900831e-183	1.86888299764097e-170	4.94243508450227e-159	6.14291798252675e-149	3.58144808699449e-140	1.07599914741027e-132	3.43366587456718e-125	5.14140926987431e-118	3.72299181165663e-112	1.25696890167104e-107	1.97843676304592e-104	1.45175031464799e-102	4.96642870872361e-102	7.92125636536805e-103	5.89065128553646e-105	2.04260059583602e-108	3.30293492421569e-113	2.49102851312723e-119	8.76423741954733e-127	1.43893874254685e-135	1.10295529236694e-145	3.94946485898364e-157	6.61264763035166e-170	5.183434255008e-184	1.90554853812831e-199	3.2930622795382e-216	2.68340146979817e-234	1.03499030113862e-253	1.89800980472753e-274	1.6628814404839e-296	6.993005151237e-320	0	0	0	0	0	0	0	0	0	0	0	0	0	0	0	0	0	0	0	0	0	0	0	0	0	0	0	0	0	0	0	0	0	0	0	0	0	0	0	0	0	0	0	0	0
-0.46969696969697	-0.46969696969697	0	0	0	0	0	0	0	0	0	0	0	0	0	0	0	0	0	1.90115953810626e-300	1.81446999475633e-278	8.33761731373655e-258	1.84783539090457e-238	1.97430634474935e-220	1.01433009679226e-203	2.49567435036859e-188	2.9266713100376e-174	1.62814135148072e-161	4.27883015100742e-150	5.29388737998661e-140	3.07550529837133e-131	8.60939098948492e-124	9.03958872529357e-117	1.23934192093379e-109	8.97118545780258e-104	3.02896324943985e-99	4.76770713306058e-96	3.49868861521608e-94	1.19700279402646e-93	1.90941112010035e-94	1.42019323902826e-96	4.92585337619341e-100	7.96824490383683e-105	6.01283214899793e-111	2.11717768440348e-118	3.47999623778502e-127	2.67178919045431e-137	9.58945474752089e-149	1.61089636309692e-161	1.26862459214322e-175	4.69409227035216e-191	8.18440196277794e-208	6.74891078906552e-226	2.64356140380372e-245	4.94233680186948e-266	4.43077053076579e-288	1.91181410396839e-311	0	0	0	0	0	0	0	0	0	0	0	0	0	0	0	0	0	0	0	0	0	0	0	0	0	0	0	0	0	0	0	0	0	0	0	0	0	0	0	0	0	0	0	0	0
-0.439393939393939	-0.439393939393939	0	0	0	0	0	0	0	0	0	0	0	0	0	0	0	0	4.2472832290793e-315	8.3228913040548e-292	7.80339263928683e-270	3.51557381779368e-249	7.63281096619441e-230	7.99358120933222e-212	4.0325750555397e-195	9.76767095745576e-180	1.13093113293196e-165	6.22912702417487e-153	1.62476942113157e-141	1.99909883813716e-131	1.15665099616257e-122	3.16433398460132e-115	1.2387476020185e-108	1.30694916015844e-101	9.44849840411914e-96	3.19022497388298e-91	5.02181824633437e-88	3.68545959347824e-86	1.26104942710285e-85	2.01191483859939e-86	1.49679896644711e-88	5.1933858179056e-92	8.40529319317291e-97	6.34728757108352e-103	2.23730672630014e-110	3.68303813040155e-119	2.83382138160357e-129	1.02024674769936e-140	1.72135825435624e-153	1.36388469547153e-167	5.08891309743687e-183	8.97309904101501e-200	7.50885574781799e-218	2.99624120732774e-237	5.72802822370439e-258	5.26723613752517e-280	2.33533850465338e-303	0	0	0	0	0	0	0	0	0	0	0	0	0	0	0	0	0	0	0	0	0	0	0	0	0	0	0	0	0	0	0	0	0	0	0	0	0	0	0	0	0	0	0	0	0
-0.409090909090909	-0.409090909090909	0	0	0	0	0	0	0	0	0	0	0	0	0	0	0	0	8.31379145039187e-307	1.60756356043383e-283	1.48297888664961e-261	6.55744728929751e-241	1.39519329043318e-221	1.43147022334008e-203	7.08239776460094e-187	1.68609746349845e-171	1.92408641677681e-157	1.04754191460074e-144	2.70802569289653e-133	3.3097425020219e-123	1.90560821901757e-114	5.16539641832503e-107	1.03998042994691e-100	6.0439735454247e-94	4.34949101542108e-88	1.46862619162313e-83	2.31197622671196e-80	1.6969187210672e-78	5.80723685531369e-78	9.26713438753743e-79	6.89670523546309e-81	2.3940564087326e-84	3.87733487980204e-89	2.93086557055803e-95	1.03453961417349e-102	1.70650110552826e-111	1.31681354152077e-121	4.76021043790054e-133	8.07731962854e-146	6.45039813411552e-160	2.43246750383432e-175	4.34945753224727e-192	3.70492609771819e-210	1.51062952869216e-229	2.96065877811444e-250	2.79686288144627e-272	1.27440940122078e-295	2.80135221191987e-320	0	0	0	0	0	0	0	0	0	0	0	0	0	0	0	0	0	0	0	0	0	0	0	0	0	0	0	0	0	0	0	0	0	0	0	0	0	0	0	0	0	0	0	0
-0.378787878787879	-0.378787878787879	0	0	0	0	0	0	0	0	0	0	0	0	0	0	0	0	7.16004569230934e-299	1.3684995870509e-275	1.24426376605171e-253	5.4076653854528e-233	1.12841478707845e-213	1.1342488946649e-195	5.49941162414049e-179	1.28499839173704e-163	1.44277301641932e-149	7.75080149938402e-137	1.98273231346176e-125	2.40401522711143e-115	1.37596706825767e-106	3.70779988633679e-99	5.46129541758268e-93	1.23596530231059e-86	8.75176999221442e-81	2.95508798578624e-76	4.65249605870356e-73	3.4152848538704e-71	1.16903345149634e-70	1.86610115963623e-71	1.38938491230588e-73	4.82604350004378e-77	7.82326007067633e-82	5.9213661867062e-88	2.09407396202838e-95	3.46353035829182e-104	2.68281021705427e-114	9.75012529001561e-126	1.66670420206119e-138	1.34441159019333e-152	5.13756102543862e-168	9.34383439380495e-185	8.1269179176739e-203	3.39513379885039e-222	6.83388346233045e-243	6.6351665540409e-265	3.10402235604649e-288	6.97499834246662e-313	0	0	0	0	0	0	0	0	0	0	0	0	0	0	0	0	0	0	0	0	0	0	0	0	0	0	0	0	0	0	0	0	0	0	0	0	0	0	0	0	0	0	0	0
-0.348484848484848	-0.348484848484848	0	0	0	0	0	0	0	0	0	0	0	0	0	0	0	6.76619003801641e-316	2.71044138699177e-291	5.12914873568531e-268	4.60443364457575e-246	1.97005133593954e-225	4.03660302014936e-206	3.97706774678684e-188	1.88902440186906e-171	4.32755248658251e-156	4.77322815103712e-142	2.52581812223325e-129	6.3829772263916e-118	7.66637376713637e-108	4.35687833775001e-99	1.16741276113285e-91	1.53814722194667e-85	1.14937283270882e-79	7.69826628863664e-74	2.59900864797683e-69	4.09243208090035e-66	3.00474376991137e-64	1.02879885019379e-63	1.64292031246535e-64	1.22394118875481e-66	4.25499601365549e-70	6.90601942717517e-75	5.23630418138894e-81	1.85645281603866e-88	3.08145102364064e-97	2.39881458726276e-107	8.77866942851651e-119	1.51489756351912e-131	1.23743715950758e-145	4.80615313757803e-161	8.91858694659143e-178	7.94294401592763e-196	3.40674608776242e-215	7.04776037605846e-236	7.0278477323408e-258	3.36868496181504e-281	7.72950153379955e-306	0	0	0	0	0	0	0	0	0	0	0	0	0	0	0	0	0	0	0	0	0	0	0	0	0	0	0	0	0	0	0	0	0	0	0	0	0	0	0	0	0	0	0	0
-0.318181818181818	-0.318181818181818	0	0	0	0	0	0	0	0	0	0	0	0	0	0	0	1.13192502941884e-308	4.50597785649155e-284	8.45530678617013e-261	7.50701516525594e-239	3.16757455634209e-218	6.3825344054778e-199	6.16961324006903e-181	2.8712667805325e-164	6.4448948929907e-149	6.97419194792427e-135	3.62909346084447e-122	9.04405044378032e-111	1.07429365256623e-100	6.05385312556795e-92	1.6117306759387e-84	2.0463822325603e-78	5.27419578745655e-73	2.96156052034243e-67	9.99161887076751e-63	1.57357205515836e-59	1.15565155597146e-57	3.95835956900737e-57	6.32470065916004e-58	4.715505165682e-60	1.64120237673803e-63	2.66809594606931e-68	2.02774771237066e-74	7.21298669776175e-82	1.20286658297205e-90	9.42508269418556e-101	3.48005208305393e-112	6.07739480629368e-125	5.0417438323468e-139	1.99643347249455e-154	3.7910012278753e-171	3.46487006260267e-189	1.52726257347486e-208	3.24590306662863e-229	3.31833547961233e-251	1.62535764120321e-274	3.79637684798706e-299	0	0	0	0	0	0	0	0	0	0	0	0	0	0	0	0	0	0	0	0	0	0	0	0	0	0	0	0	0	0	0	0	0	0	0	0	0	0	0	0	0	0	0	0
-0.287878787878788	-0.287878787878788	0	0	0	0	0	0	0	0	0	0	0	0	0	0	0	8.30062138853713e-302	3.28718946880162e-277	6.12475840669879e-254	5.38681453756928e-232	2.24547904123431e-211	4.45687717878273e-192	4.23235251323926e-174	1.9311813710338e-157	4.2465147577703e-142	4.50413868156403e-128	2.30135665996963e-115	5.64596655422585e-104	6.62135310659157e-94	3.69418537360558e-85	9.76083652701039e-78	1.22105464215508e-71	1.40003659215372e-66	4.99041918927984e-61	1.67908951551764e-56	2.64499089894906e-53	1.94320217663453e-51	6.6592958294708e-51	1.06481277181971e-51	7.94735294587027e-54	2.77024576421513e-57	4.51340403981761e-62	3.44082801421481e-68	1.22931661833167e-75	2.06260765969765e-84	1.62976797915284e-94	6.08588871554625e-106	1.07859471450939e-118	9.11565455553174e-133	3.69117502842044e-148	7.18963370567928e-165	6.75219514694557e-183	3.05827316732162e-202	6.66713650632882e-223	6.96986380037352e-245	3.47789511291632e-268	8.24398066430338e-293	9.24238722362303e-319	0	0	0	0	0	0	0	0	0	0	0	0	0	0	0	0	0	0	0	0	0	0	0	0	0	0	0	0	0	0	0	0	0	0	0	0	0	0	0	0	0	0	0
-0.257575757575758	-0.257575757575758	0	0	0	0	0	0	0	0	0	0	0	0	0	0	3.11261356879985e-321	2.6668904791181e-295	1.05161573221528e-270	1.94786531381176e-247	1.69957946333062e-225	7.01077006883319e-205	1.37310037465414e-185	1.28298000599766e-167	5.74586010349137e-151	1.2381660689354e-135	1.28661087852509e-121	6.44718231870392e-109	1.55456414719225e-97	1.79681395238403e-87	9.90878456721315e-79	2.59472803538304e-71	3.21583985566924e-65	2.37944539297423e-60	3.70283641569114e-55	1.23354226472316e-50	1.94367983716937e-47	1.42864550743746e-45	4.89928427413662e-45	7.84163468365669e-46	5.86100667044675e-48	2.04715296858487e-51	3.34497276679677e-56	2.56051455265271e-62	9.20051758509961e-70	1.55592968806853e-78	1.2425882723042e-88	4.7055859647212e-100	8.48946054476213e-113	7.33167056529116e-127	3.04365426544815e-142	6.09044331996647e-159	5.87834816378834e-177	2.73232702486987e-196	6.09528667795064e-217	6.49645193895793e-239	3.29222615124748e-262	7.89742850369836e-287	8.93310285051403e-313	0	0	0	0	0	0	0	0	0	0	0	0	0	0	0	0	0	0	0	0	0	0	0	0	0	0	0	0	0	0	0	0	0	0	0	0	0	0	0	0	0	0	0
-0.227272727272727	-0.227272727272727	0	0	0	0	0	0	0	0	0	0	0	0	0	0	4.47206871074546e-315	3.7526198493012e-289	1.47451273859843e-264	2.71784453533604e-241	2.35562617411523e-219	9.63059780886933e-199	1.8644700709369e-179	1.71704437134985e-161	7.55825354076003e-145	1.59738465212162e-129	1.62618575715692e-115	7.98543750137171e-103	1.88978946543401e-91	2.14907278026866e-81	1.16938984306528e-72	3.03008918425056e-65	3.72272397325681e-59	2.32130501878155e-54	1.23184998956057e-49	3.96225987567363e-45	6.24496043512056e-42	4.59309090525261e-40	1.57656665387062e-39	2.52673782389194e-40	1.89211683746733e-42	6.62671321995187e-46	1.08692628319123e-50	8.36491973201382e-57	3.02806641247131e-64	5.17263656578372e-73	4.186302815674e-83	1.61256061390754e-94	2.97068816684467e-107	2.62873775156642e-121	1.12079948852601e-136	2.30506033152361e-153	2.28409876889879e-171	1.0871141714812e-190	2.47437179148725e-211	2.68037281526576e-233	1.37554294299921e-256	3.33101878351739e-281	3.7940917445037e-307	0	0	0	0	0	0	0	0	0	0	0	0	0	0	0	0	0	0	0	0	0	0	0	0	0	0	0	0	0	0	0	0	0	0	0	0	0	0	0	0	0	0	0
-0.196969696969697	-0.196969696969697	0	0	0	0	0	0	0	0	0	0	0	0	0	0	2.76135728124213e-309	2.312063358668e-283	9.05785429901052e-259	1.66276940382291e-235	1.43314674685754e-213	5.81518105249773e-193	1.11465383241701e-173	1.01351939800059e-155	4.3921891286891e-139	9.11493147544093e-124	9.09543706916348e-110	4.37539139224221e-97	1.01518180473396e-85	1.13408749458255e-75	6.07834253557729e-67	1.55587165598274e-59	1.89309207279596e-53	1.11313456942217e-48	1.94466132381115e-44	5.56685002920757e-40	8.77395958345128e-37	6.45859597613089e-35	2.21962401280216e-34	3.56363513143124e-35	2.67531096283171e-37	9.40318239970326e-41	1.5500845782775e-45	1.20126734907761e-51	4.38998804187846e-59	7.59438779739746e-68	6.24711991978031e-78	2.45535500189293e-89	4.63186455413873e-102	4.20807054216372e-116	1.84402057429706e-131	3.89493338973004e-148	3.95443305492938e-166	1.9217631873352e-185	4.44907422622999e-206	4.88388633311162e-228	2.53164412481599e-251	6.17617537866858e-276	7.0726119418388e-302	0	0	0	0	0	0	0	0	0	0	0	0	0	0	0	0	0	0	0	0	0	0	0	0	0	0	0	0	0	0	0	0	0	0	0	0	0	0	0	0	0	0	0
-0.166666666666667	-0.166666666666667	0	0	0	0	0	0	0	0	0	0	0	0	0	0	7.46508504780923e-304	6.23760192498879e-278	2.4373034687695e-253	4.45872310501508e-230	3.82499582869243e-208	1.54221423859368e-187	2.93114160746181e-168	2.63588519435782e-150	1.12649975379331e-133	2.29896370868268e-118	2.25071837751797e-104	1.06085067354644e-91	2.41164730825317e-80	2.643116837526e-70	1.39302444776328e-61	3.51624797064233e-54	4.23090245078056e-48	2.43017508132272e-43	1.66760618115271e-39	3.424964720651e-35	5.39139867758924e-32	3.97309040655956e-30	1.36767380387106e-29	2.20097818820884e-30	1.65784743500918e-32	5.85441930728409e-36	9.71406324774204e-41	7.5956857635204e-47	2.80920859012907e-54	4.93577487772879e-63	4.13962583902993e-73	1.66499548528166e-84	3.22339645502229e-97	3.0096300862761e-111	1.35488310604799e-126	2.93385537695158e-143	3.04368410093446e-161	1.50567553929389e-180	3.53490520572459e-201	3.92190573290378e-223	2.04910225336233e-246	5.02783321608939e-271	5.78159557926111e-297	0	0	0	0	0	0	0	0	0	0	0	0	0	0	0	0	0	0	0	0	0	0	0	0	0	0	0	0	0	0	0	0	0	0	0	0	0	0	0	0	0	0	0
-0.136363636363636	-0.136363636363636	0	0	0	0	0	0	0	0	0	0	0	0	0	0	8.84505063174608e-299	7.37306219952476e-273	2.87346006073845e-248	5.2399992744557e-225	4.47691121903683e-203	1.79530537624669e-182	3.38759384077371e-163	3.01749759506488e-145	1.27393197423383e-128	2.56088791102598e-113	2.46297368178423e-99	1.1381878451025e-86	2.53474910783098e-75	2.72289116483911e-65	1.40906156197971e-56	3.50129285862599e-49	4.15920032480885e-43	2.35515747949564e-38	9.05197776043172e-35	9.26215631161478e-31	1.44931346994879e-27	1.06958588128436e-25	3.6899289908307e-25	5.95665737640124e-26	4.50648846702246e-28	1.60117135837976e-31	2.67922396820096e-36	2.1187925772514e-42	7.95291395008589e-50	1.42358456291332e-58	1.22098336989178e-68	5.0375383552434e-80	1.0021457872362e-92	9.61465983780415e-107	4.43973584885336e-122	9.83072043455375e-139	1.03897064277104e-156	5.21597464611438e-176	1.23847897873143e-196	1.3857162844847e-218	7.28512920326935e-242	1.79567802127964e-266	2.07183590442672e-292	1.11742827119915e-319	0	0	0	0	0	0	0	0	0	0	0	0	0	0	0	0	0	0	0	0	0	0	0	0	0	0	0	0	0	0	0	0	0	0	0	0	0	0	0	0	0	0
-0.106060606060606	-0.106060606060606	0	0	0	0	0	0	0	0	0	0	0	0	0	2.59384464066654e-321	4.60646173712343e-294	3.82569732414357e-268	1.48599237368615e-243	2.70058276400866e-220	2.29827899709717e-198	9.17172121758607e-178	1.71977838016521e-158	1.51934009430456e-140	6.34641469932022e-124	1.25875643048015e-108	1.19110252274817e-94	5.40230944908841e-82	1.17896728579132e-70	1.24072156833472e-60	6.29668657393655e-52	1.53773576696917e-44	1.80024907765148e-38	1.00632866340487e-33	3.00257307052752e-30	1.11483342462112e-26	1.70514725211857e-23	1.26062472344324e-21	4.36157660722534e-21	7.06985385775744e-22	5.37947037398795e-24	1.92653113646737e-27	3.25829672059724e-32	2.61322262428774e-38	9.98541687190384e-46	1.82656834143562e-54	1.60618045458017e-64	6.80809018497647e-76	1.39190914535151e-88	1.37044274992309e-102	6.47565787287704e-118	1.46189806305619e-134	1.56919573795162e-152	7.97307749705791e-172	1.91036791630912e-192	2.15198760059536e-214	1.13710988057109e-237	2.81375631055421e-262	3.25683829313217e-288	1.76203746832061e-315	0	0	0	0	0	0	0	0	0	0	0	0	0	0	0	0	0	0	0	0	0	0	0	0	0	0	0	0	0	0	0	0	0	0	0	0	0	0	0	0	0	0
-0.0757575757575757	-0.0757575757575757	0	0	0	0	0	0	0	0	0	0	0	0	0	6.03959086435648e-317	1.06210250964562e-289	8.75707552424368e-264	3.38213500053595e-239	6.11675869769388e-216	5.18146140689887e-194	2.0574828023124e-173	3.83532090385685e-154	3.36348724561078e-136	1.39183480629552e-119	2.72794033240399e-104	2.54369369857347e-90	1.13382047563586e-77	2.42657724770056e-66	2.50168732398359e-56	1.24410199665803e-47	2.98183538731871e-40	3.43447019827488e-34	1.89354817889747e-29	5.15654613003799e-26	6.21667607047678e-23	8.78694309969331e-20	6.50859863847992e-18	2.2604471347819e-17	3.68379884012918e-18	2.82393819710366e-20	1.02158731800721e-23	1.75101417495562e-28	1.42854885028493e-34	5.57418277765727e-42	1.04481364624837e-50	9.43633400086334e-61	4.11102606718614e-72	8.62934346628342e-85	8.70028218142352e-99	4.19491550720368e-114	9.62653756586387e-131	1.04665113832715e-148	5.3705986557891e-168	1.29651140995296e-188	1.46906646004222e-210	7.79997249771725e-234	1.93846425186461e-258	2.25359634145237e-284	1.22540368193046e-311	0	0	0	0	0	0	0	0	0	0	0	0	0	0	0	0	0	0	0	0	0	0	0	0	0	0	0	0	0	0	0	0	0	0	0	0	0	0	0	0	0	0
-0.0454545454545454	-0.0454545454545454	0	0	0	0	0	0	0	0	0	0	0	0	0	6.40587229659646e-313	1.10275564114724e-285	8.95042545375248e-260	3.41662680948086e-235	6.1240050579972e-212	5.14986913729009e-190	2.03162596307561e-169	3.76241052756652e-150	3.27559446478117e-132	1.34370974245514e-115	2.60544266195576e-100	2.39742401277044e-86	1.05166840123098e-73	2.20958702986934e-62	2.23250256403346e-52	1.08751051366252e-43	2.55528853771284e-36	2.89104178401846e-30	1.56971170359452e-25	4.1215390097192e-22	1.78690528793137e-19	1.98669688341442e-16	1.47318106838101e-14	5.14164944325038e-14	8.43790471932588e-15	6.53023143436687e-17	2.39249174622746e-20	4.16826677525118e-25	3.47004922120596e-31	1.3865971140597e-38	2.66854932518841e-47	2.47728971772687e-57	1.10853505162217e-68	2.38449209369722e-81	2.45533724550991e-95	1.20460034211374e-110	2.80286776281356e-127	3.08079219533525e-145	1.59456628573496e-164	3.8772347556778e-185	4.42193889365303e-207	2.36333317544524e-230	5.91755872571903e-255	6.94407580731068e-281	3.82265531672925e-308	0	0	0	0	0	0	0	0	0	0	0	0	0	0	0	0	0	0	0	0	0	0	0	0	0	0	0	0	0	0	0	0	0	0	0	0	0	0	0	0	0	0
-0.0151515151515151	-0.0151515151515151	0	0	0	0	0	0	0	0	0	0	0	0	0	3.24217565644288e-309	5.34561938304069e-282	4.19715023465221e-256	1.56260090403151e-231	2.74882316445693e-208	2.27891180040504e-186	8.88987870242334e-166	1.6307265719764e-146	1.40711951051757e-128	5.71892337669618e-112	1.09730751927856e-96	9.97216731685854e-83	4.30995963863841e-70	8.89943685361997e-59	8.81825245793324e-49	4.20770719671193e-40	9.68514970342994e-33	1.07489734878475e-26	5.73813670846258e-22	1.4748062237332e-18	3.12606145855129e-16	1.97947540747795e-13	1.46337834503609e-11	5.13945688514148e-11	8.51015034926528e-12	6.66567556798093e-14	2.48047123709913e-17	4.40647494242561e-22	3.75431983822148e-28	1.53978459010447e-35	3.04601549441543e-44	2.90567977545757e-54	1.33347493666184e-65	2.93260264107869e-78	3.07648027872905e-92	1.5325430852906e-107	3.61081682078136e-124	4.01120857533452e-142	2.09635631382472e-161	5.14768238342654e-182	5.9364900404649e-204	3.21665427268997e-227	8.19971707549512e-252	9.85530802599483e-278	5.60242241508554e-305	0	0	0	0	0	0	0	0	0	0	0	0	0	0	0	0	0	0	0	0	0	0	0	0	0	0	0	0	0	0	0	0	0	0	0	0	0	0	0	0	0	0
0.0151515151515151	0.0151515151515151	0	0	0	0	0	0	0	0	0	0	0	0	0	8.37728595263968e-306	1.28642590515157e-278	9.50926675308204e-253	3.37134716741226e-228	5.70769543765778e-205	4.59482311004485e-183	1.75255893437926e-162	3.15903950769476e-143	2.68719215839107e-125	1.07846481899186e-108	2.044094729519e-93	1.83365820561581e-79	7.81017014547013e-67	1.58595066739731e-55	1.54212194655017e-45	7.20928386619961e-37	1.62484791413454e-29	1.76699772835739e-23	9.25970422748686e-19	2.33678051573308e-15	3.46805533908995e-13	8.80004554237096e-11	6.38956273293622e-09	2.26114685513414e-08	3.78669879159759e-09	3.01037777729554e-11	1.14142019064437e-14	2.0739316748188e-19	1.81299214119358e-25	7.64353038772491e-33	1.55456476138832e-41	1.52237624944931e-51	7.15315276134556e-63	1.60560134385876e-75	1.7141088825279e-89	8.6706452728292e-105	2.07221827697577e-121	2.33572551042157e-139	1.24089061736068e-158	3.1087720372124e-179	3.67874056929504e-201	2.06182695892305e-224	5.49356779269472e-249	6.98863486681286e-275	4.26366085820801e-302	0	0	0	0	0	0	0	0	0	0	0	0	0	0	0	0	0	0	0	0	0	0	0	0	0	0	0	0	0	0	0	0	0	0	0	0	0	0	0	0	0	0
0.0454545454545454	0.0454545454545454	0	0	0	0	0	0	0	0	0	0	0	0	0	1.160691158522e-302	1.63871085698885e-275	1.11536661057184e-249	3.66425955900717e-225	5.80483353152913e-202	4.42199568835932e-180	1.6136345894776e-159	2.80939325000561e-140	2.32569786863801e-122	9.13278941944272e-106	1.6994715298701e-90	1.49916929177233e-76	6.28030316873554e-64	1.25312889915714e-52	1.19550313016013e-42	5.47507335739739e-34	1.20776187960829e-26	1.28570745827241e-20	6.60415666212437e-16	1.63582306813468e-12	2.10744003076814e-10	1.80841013748962e-08	1.22943997401582e-06	4.38731859855088e-06	7.45108250019989e-07	6.03125884573745e-09	2.33762609736858e-12	4.35676432424343e-17	3.91577887056238e-23	1.69865573512203e-30	3.55188570690161e-39	3.56914565304049e-49	1.7167624332987e-60	3.93703945363929e-73	4.29046633959115e-87	2.21696077426737e-102	5.42693032916249e-119	6.29693871837418e-137	3.46986626045787e-156	9.10846985467575e-177	1.14343666800192e-198	6.89224737280213e-222	2.00139678128406e-246	2.80474527010277e-272	1.89623800833399e-299	0	0	0	0	0	0	0	0	0	0	0	0	0	0	0	0	0	0	0	0	0	0	0	0	0	0	0	0	0	0	0	0	0	0	0	0	0	0	0	0	0	0
0.0757575757575757	0.0757575757575757	0	0	0	0	0	0	0	0	0	0	0	0	0	8.47018861840241e-300	1.11789701003858e-272	7.04302217359115e-247	2.12843714417768e-222	3.09776291138433e-199	2.17656998160322e-177	7.38573443079568e-157	1.20841007077211e-137	9.50497658178897e-120	3.58202117850446e-103	6.44852090098389e-88	5.53519969255665e-74	2.26443919187155e-61	4.41992316698399e-50	4.12612150718503e-40	1.84821418179336e-31	3.98553188812352e-24	4.1477672328906e-18	2.08497139511418e-13	5.06166230864947e-10	6.1417978387315e-08	1.87563450486421e-06	0.000104744306644332	0.000376383503515226	6.50179119888024e-05	5.3772244265866e-07	2.13765037559267e-10	4.09851151816868e-15	3.79577207675983e-21	1.69720285074067e-28	3.65558065381217e-37	3.78092864161915e-47	1.87196704733098e-58	4.42634500308258e-71	4.99346404565201e-85	2.68899515406877e-100	6.925445286108e-117	8.55565990888279e-135	5.08650786994954e-154	1.45913539840632e-174	2.0220141436361e-196	1.35242151006317e-219	4.35356521540183e-244	6.71626575840475e-270	4.94113832294419e-297	0	0	0	0	0	0	0	0	0	0	0	0	0	0	0	0	0	0	0	0	0	0	0	0	0	0	0	0	0	0	0	0	0	0	0	0	0	0	0	0	0	0
0.106060606060606	0.106060606060606	0	0	0	0	0	0	0	0	0	0	0	0	0	3.05106921228175e-297	3.87263558455142e-270	2.32024219255608e-244	6.58898075678996e-220	8.9112249406489e-197	5.76893513785057e-175	1.79618656178879e-154	2.6994802136527e-135	1.96198853658139e-117	6.89558825131201e-101	1.17004619204534e-85	9.56267085771999e-72	3.75653881785412e-59	7.08503954801497e-48	6.41713676920962e-38	2.79535686400189e-29	5.86970417817269e-22	5.95434016734709e-16	2.92158025206107e-11	6.93576767860048e-08	8.12214303500414e-06	0.000113074714816409	0.00399151183633601	0.0143280113708194	0.00252571228853618	2.14330834106381e-05	8.77796031696845e-09	1.73928540849435e-13	1.66841961348366e-19	7.74089081233617e-27	1.73401822328066e-35	1.87222023383467e-45	9.73493233593575e-57	2.43857550695278e-69	2.94700156783949e-83	1.72136684300363e-98	4.86661319968934e-115	6.65999154049519e-133	4.40402875393723e-152	1.40225501408671e-172	2.13970958827507e-194	1.55666562170778e-217	5.37291887037871e-242	8.76080074242329e-268	6.72515083562978e-295	0	0	0	0	0	0	0	0	0	0	0	0	0	0	0	0	0	0	0	0	0	0	0	0	0	0	0	0	0	0	0	0	0	0	0	0	0	0	0	0	0	0
0.136363636363636	0.136363636363636	0	0	0	0	0	0	0	0	0	0	0	0	0	5.11937867686312e-295	6.37932143499394e-268	3.72649205318968e-242	1.02272431471764e-217	1.32260368195777e-194	8.09006234201569e-173	2.35134948224619e-152	3.26425224701282e-133	2.17608348003564e-115	6.99979983417683e-99	1.09034602683292e-83	8.24003782395038e-70	3.02206380417524e-57	5.37504584066429e-46	4.63230509539365e-36	1.93381485065576e-27	3.91229556369242e-20	3.83910484605991e-14	1.82837469298884e-09	4.22619263178468e-06	0.000479975014395158	0.00422531327312224	0.0696267754100475	0.243606224550978	0.0440078801408812	0.000385979306256585	1.64360205733693e-07	3.40593553296897e-12	3.43850912410278e-18	1.69157262989574e-25	4.05482106510638e-34	4.73618615308831e-44	2.69563535051278e-55	7.47154356191109e-68	1.00665763099918e-81	6.57055322982623e-97	2.0677487105095e-113	3.11999393205588e-131	2.24450423141516e-150	7.65882113876866e-171	1.23423396150139e-192	9.36171020550443e-216	3.33424324523841e-240	5.56960240697554e-266	4.36814115761328e-293	1.45255299877326e-321	0	0	0	0	0	0	0	0	0	0	0	0	0	0	0	0	0	0	0	0	0	0	0	0	0	0	0	0	0	0	0	0	0	0	0	0	0	0	0	0	0
0.166666666666667	0.166666666666667	0	0	0	0	0	0	0	0	0	0	0	0	1.45255299877326e-321	3.87163994108092e-293	4.78692488673382e-266	2.76544152653034e-240	7.47217852120804e-216	9.45597426228117e-193	5.61530828718024e-171	1.56883659854945e-150	2.06922351240042e-131	1.29405491985245e-113	3.8573612915847e-97	5.51285566604785e-82	3.80040396977487e-68	1.2706716974665e-55	2.06947355211208e-44	1.64639998707889e-34	6.40767213287005e-26	1.22065940314028e-18	1.13817378835049e-12	5.19139986806833e-08	0.000115698805299203	0.0126903915895657	0.0886038337221636	0.584901488052682	1.87966820168361	0.351189064537837	0.00324189508045316	1.47141833547895e-06	3.29371306704521e-11	3.64206121494762e-17	1.98838429003332e-24	5.34561299559584e-33	7.04415565987174e-43	4.52167927894474e-54	1.40386842947214e-66	2.09305074788195e-80	1.48859140158615e-95	5.02172327400394e-112	7.99913620539461e-130	5.99621179471573e-149	2.11061712631849e-169	3.4867370230098e-191	2.71120997833499e-214	1.00389444020724e-238	1.83132907067303e-264	1.78119473491895e-291	1.03546278055408e-319	0	0	0	0	0	0	0	0	0	0	0	0	0	0	0	0	0	0	0	0	0	0	0	0	0	0	0	0	0	0	0	0	0	0	0	0	0	0	0	0	0
0.196969696969697	0.196969696969697	0	0	0	0	0	0	0	0	0	0	0	0	4.91792943870377e-320	1.29995407538149e-291	1.60220300100642e-264	9.21410239193273e-239	2.47349038862556e-214	3.10128083019246e-191	1.81762913487108e-169	4.98554596093863e-149	6.41032134265624e-130	3.87257207094973e-112	1.10261207868119e-95	1.48572973813374e-80	9.52444133759369e-67	2.92354107503096e-54	4.32845114102172e-43	3.11498625858582e-33	1.09759662023553e-24	1.90496155722438e-17	1.63489245017997e-11	6.94818941376798e-07	0.00146090640417526	0.152463002439419	0.927693700167456	2.58652864997207	6.89922882607819	1.37028770972751	0.0139462058501873	7.12757039838141e-06	1.82393531628704e-10	2.32121030884805e-16	1.45445443402328e-23	4.4378563683057e-32	6.52627020679268e-42	4.58585780238161e-53	1.52931132631858e-65	2.40825696499853e-79	1.78453992966975e-94	6.21069793110943e-111	1.0156753059485e-128	7.85039853259931e-148	2.92467984155598e-168	5.53463684845686e-190	5.89390339129315e-213	3.89728873849103e-237	1.56283142941913e-262	3.39298274044338e-289	3.65448846499222e-317	0	0	0	0	0	0	0	0	0	0	0	0	0	0	0	0	0	0	0	0	0	0	0	0	0	0	0	0	0	0	0	0	0	0	0	0	0	0	0	0	0
0.227272727272727	0.227272727272727	0	0	0	0	0	0	0	0	0	0	0	0	7.29492866741059e-319	1.92576904287943e-290	2.37057372852638e-263	1.36084398543557e-237	3.64366908454123e-213	4.5514165484179e-190	2.65324687348885e-168	7.2217624724391e-148	9.18431749671529e-129	5.46291449077604e-111	1.52194162936311e-94	1.98998872763695e-79	1.22468137291586e-65	3.56151366331796e-53	4.92058600143707e-42	3.25262032111118e-32	1.03781968094314e-23	1.61493700559001e-16	1.23880977329202e-10	4.72886168277987e-06	0.00903712279916867	0.869130685520234	4.67516364793037	6.60127522034884	13.7122590510784	3.09084531496504	0.0371512147175149	2.24332400484262e-05	6.67983692660274e-10	9.65763920806183e-16	6.69659099760322e-23	2.20711653426388e-31	3.43662666448115e-41	2.51834835142215e-52	8.67137615866457e-65	1.40566685378117e-78	1.08360100185571e-93	4.09636050575492e-110	8.17553315900372e-128	9.65831268516962e-147	7.14263690591223e-167	3.0588166646897e-188	6.78439349038853e-211	7.30413229280758e-235	3.71768351713245e-260	8.86273225952047e-287	9.86478398028725e-315	0	0	0	0	0	0	0	0	0	0	0	0	0	0	0	0	0	0	0	0	0	0	0	0	0	0	0	0	0	0	0	0	0	0	0	0	0	0	0	0	0
0.257575757575758	0.257575757575758	0	0	0	0	0	0	0	0	0	0	0	0	4.75814860883871e-318	1.25564933847155e-289	1.54493634609315e-262	8.86269332138567e-237	2.37062309963566e-212	2.95694076434431e-189	1.72015053120027e-167	4.66790030422252e-147	5.91064675339391e-128	3.49374416132568e-110	9.64622875777071e-94	1.24515494534164e-78	7.52409575910896e-65	2.1324216177952e-52	2.84233360652997e-41	1.78891504273436e-31	5.34679087706516e-23	7.64982773469479e-16	5.29553213388309e-10	1.79729409457747e-05	0.0303411823202121	2.58550735697821	11.9707396846776	10.0507615104393	18.5861217433396	5.02187550732519	0.0708995830465274	4.84417891944226e-05	1.57784427467899e-09	2.43036007855632e-15	1.76232754581529e-22	6.00827866855139e-31	9.66612111801216e-41	7.45068781190882e-52	2.87287684719882e-64	6.07668285177241e-78	7.86874615757738e-93	6.28546909364453e-109	2.78720457169289e-126	6.21977090643665e-145	6.65438243320484e-165	3.3508002288833e-186	7.89083725234422e-209	8.671692712002e-233	4.44410374941236e-258	1.06184945405812e-284	1.18278795787178e-312	0	0	0	0	0	0	0	0	0	0	0	0	0	0	0	0	0	0	0	0	0	0	0	0	0	0	0	0	0	0	0	0	0	0	0	0	0	0	0	0	0
0.287878787878788	0.287878787878788	0	0	0	0	0	0	0	0	0	0	0	0	1.3643622809906e-317	3.60024387875687e-289	4.42895714020561e-262	2.54010311692403e-236	6.79196830888506e-212	8.46749332777097e-189	4.92219354122157e-167	1.3342900042594e-146	1.68691085522204e-127	9.9489095529028e-110	2.73799720847842e-93	3.51769755190017e-78	2.11123151020704e-64	5.92492117458301e-52	7.78602013131686e-41	4.80121052854482e-31	1.39365069786789e-22	1.9132031975896e-15	1.25077993408083e-09	3.93323493284218e-05	0.0603165534211757	4.59599378272296	18.3891058615764	9.83468962544789	20.051929149724	6.18271611591697	0.0941748109921067	6.76354730352796e-05	2.28405763548426e-09	3.6444080363264e-15	2.79929778210196e-22	1.08904143846715e-30	2.37361261209069e-40	3.20525216838211e-51	2.63238944125534e-63	1.17500641680155e-76	2.60756715449251e-91	2.76084293421098e-107	1.37344155713387e-124	3.19346284681474e-143	3.46446995678828e-163	1.75260436786542e-184	4.13352364027509e-207	4.54484615803891e-231	2.329545609749e-256	5.56638924076636e-283	6.20047956017034e-311	0	0	0	0	0	0	0	0	0	0	0	0	0	0	0	0	0	0	0	0	0	0	0	0	0	0	0	0	0	0	0	0	0	0	0	0	0	0	0	0	0
0.318181818181818	0.318181818181818	0	0	0	0	0	0	0	0	0	0	0	0	1.71978124903329e-317	4.53795810763601e-289	5.58234515989134e-262	3.20145357738175e-236	8.55979730887885e-212	1.06704338191122e-188	6.20193258282756e-167	1.6808667320307e-146	2.12447449181943e-127	1.2524360456965e-109	3.44471239044035e-93	4.42181890854495e-78	2.65051366280597e-64	7.42471629068521e-52	9.73091269242393e-41	5.97725342472938e-31	1.72524596785733e-22	2.34910374718328e-15	1.5178338411819e-09	4.69558494118431e-05	0.0705058153543603	5.26291530138581	21	9.45189974401792	18.3325956877911	5.8753606734499	0.0920971320363096	6.93108438821223e-05	2.61005771942892e-09	5.39406505831594e-15	6.82501435386774e-22	5.32215605129175e-30	2.30150816280901e-39	5.00572043221473e-50	5.21860301649563e-62	2.5604559620793e-75	5.87494275847967e-90	6.29061062306459e-106	3.14108997047447e-123	7.31250265495349e-142	7.93627606978638e-162	4.01533423706257e-183	9.47059507256296e-206	1.04131539686049e-229	5.33748146872408e-255	1.27537944076048e-281	1.4206638936479e-309	0	0	0	0	0	0	0	0	0	0	0	0	0	0	0	0	0	0	0	0	0	0	0	0	0	0	0	0	0	0	0	0	0	0	0	0	0	0	0	0	0
0.348484848484849	0.348484848484849	0	0	0	0	0	0	0	0	0	0	0	0	9.52812514923886e-318	2.51426207482062e-289	3.09307084500642e-262	1.77400114683095e-236	4.74371659930412e-212	5.91435988256086e-189	3.43838771082303e-167	9.32200443152714e-147	1.1788072734858e-127	6.95440243733384e-110	1.91475391770772e-93	2.46164821540221e-78	1.47886434483406e-64	4.1563092487648e-52	5.47383456850542e-41	3.38665412226268e-31	9.88076993712724e-23	1.36720804326269e-15	9.04962659969335e-10	2.90252542696114e-05	0.0460506145720274	3.77663956985778	18.6600166191768	12.4384999732112	17.9714121905267	5.54396049510273	0.0959286864962822	9.48577490787266e-05	5.85892100396908e-09	2.20076413643017e-14	4.47843525348699e-21	4.52093096838558e-29	2.17532755263441e-38	4.91620213801654e-49	5.19235481873167e-61	2.55860967357803e-74	5.87908541682679e-89	6.29800378527242e-105	3.14526770917297e-122	7.32260085585857e-141	7.94736862619497e-161	4.02096861148254e-182	9.48390151817424e-205	1.04277909463966e-228	5.34498500742549e-254	1.27717247713533e-280	1.42266121337434e-308	0	0	0	0	0	0	0	0	0	0	0	0	0	0	0	0	0	0	0	0	0	0	0	0	0	0	0	0	0	0	0	0	0	0	0	0	0	0	0	0	0
0.378787878787879	0.378787878787879	0	0	0	0	0	0	0	0	0	0	0	0	2.32014215418341e-318	6.12309446655144e-290	7.53378705674047e-263	4.32184066248646e-237	1.15602183958156e-212	1.44193958594013e-189	8.38827425166902e-168	2.27630831332517e-147	2.88237924506771e-128	1.70380715923412e-110	4.70450149850982e-94	6.07342529259054e-79	3.67091919301772e-65	1.040918530448e-52	1.38888639081499e-41	8.75927053321252e-32	2.62838271879885e-23	3.78863259807481e-16	2.65879982990676e-10	9.25612153146535e-06	0.0164754904726857	1.61662661692417	11.3090848210224	13.6318592419288	20.2934395426359	6.4313673985856	0.145561643011523	0.000216667140998657	1.893171910159e-08	8.57347927229956e-14	1.8822059870653e-20	1.9519783069953e-28	9.47814888445235e-38	2.14852019359673e-48	2.27146680091605e-60	1.11966574010741e-73	2.57300688406205e-88	2.75644606795515e-104	1.37660475668136e-121	3.20493096064735e-140	3.47838157889238e-160	1.75988677698722e-181	4.15088919349293e-204	4.56400845308331e-228	2.33937918794543e-253	5.5898954305986e-280	6.22666677448001e-308	0	0	0	0	0	0	0	0	0	0	0	0	0	0	0	0	0	0	0	0	0	0	0	0	0	0	0	0	0	0	0	0	0	0	0	0	0	0	0	0	0
0.409090909090909	0.409090909090909	0	0	0	0	0	0	0	0	0	0	0	0	2.48386562790228e-319	6.55469114932508e-291	8.06718843654646e-264	4.62980267156321e-238	1.23916078402269e-213	1.54702358972986e-190	9.01125486058053e-169	2.4499639926677e-148	3.11073607698729e-129	1.84607575841164e-111	5.12666564904026e-95	6.67381078599554e-80	4.08290411363989e-66	1.17823265763143e-53	1.612477531963e-42	1.0545860837453e-32	3.33096404708198e-24	5.15103729165765e-17	3.96524503182893e-11	1.55158357686532e-06	0.00320792174037161	0.393648204516126	4.02583142837341	8.71654408991981	17.7918093577687	6.61281032278244	0.193717645791308	0.000354002031446095	3.41876720305652e-08	1.60824053961382e-13	3.57721070765139e-20	3.72601283652977e-28	1.81182564094736e-37	4.10901055654385e-48	4.34481756227809e-60	2.14178399173857e-73	4.92193075855874e-88	5.27286245184536e-104	2.63334035787616e-121	6.13079319063305e-140	6.65388507172912e-160	3.36653263655368e-181	7.94034276492993e-204	8.73060928944118e-228	4.4750586960112e-253	1.06930549370812e-279	1.1911151243809e-307	0	0	0	0	0	0	0	0	0	0	0	0	0	0	0	0	0	0	0	0	0	0	0	0	0	0	0	0	0	0	0	0	0	0	0	0	0	0	0	0	0
0.439393939393939	0.439393939393939	0	0	0	0	0	0	0	0	0	0	0	0	1.16204239901861e-320	3.08464307443077e-292	3.79856915505697e-265	2.18180217787337e-239	5.84648341379193e-215	7.31153342186218e-192	4.26947480181225e-170	1.16495242203728e-149	1.48684757348666e-130	8.89016645574637e-113	2.49569840188889e-96	3.29976965966942e-81	2.0641333946308e-67	6.14743079335159e-55	8.79184680739208e-44	6.10545473781488e-34	2.08614091094632e-25	3.55673870515803e-18	3.06847454062682e-12	1.36586582562675e-07	0.000330925527309734	0.0516471029023889	0.7586183732061	2.96564627534165	8.92930698983867	4.06513116369597	0.141116427551802	0.00028146687180858	2.81051558447111e-08	1.33718834430542e-13	2.98540743611245e-20	3.11337074996763e-28	1.51451964046657e-37	3.43519956874893e-48	3.63249195169912e-60	1.79066694055082e-73	4.11506431084913e-88	4.40847334862531e-104	2.20165358036255e-121	5.12576542591132e-140	5.56310656733758e-160	2.81465338596744e-181	6.63867402765853e-204	7.29939134379048e-228	3.74145762867248e-253	8.94013122375435e-280	9.9585437257533e-308	0	0	0	0	0	0	0	0	0	0	0	0	0	0	0	0	0	0	0	0	0	0	0	0	0	0	0	0	0	0	0	0	0	0	0	0	0	0	0	0	0
0.46969696969697	0.46969696969697	0	0	0	0	0	0	0	0	0	0	0	0	3.11261356879985e-322	6.38362685330278e-294	7.86949047167913e-267	4.52702844313536e-241	1.21580274774114e-216	1.52538282887194e-193	8.9488534012268e-172	2.45817780209254e-151	3.1677621921694e-132	1.92031713635918e-114	5.49723372688616e-98	7.4709293763171e-83	4.85478952968179e-69	1.52241872807205e-56	2.32959767467373e-45	1.76042986794883e-35	6.64308041360718e-27	1.26274486568343e-19	1.21966793543947e-13	6.12865107571679e-09	1.74058560571904e-05	0.00347741463991117	0.0716112828443769	0.523630003514016	2.28566445178645	1.25517396677183	0.0484257715891724	0.00010073648964893	1.02019399010485e-08	4.87590946537024e-14	1.09016731661288e-20	1.13742054440559e-28	5.53388141787517e-38	1.25524325345311e-48	1.32735600069507e-60	6.54334477999542e-74	1.50370397034893e-88	1.610920761702e-104	8.04516626113718e-122	1.8730302481169e-140	2.03284118797763e-160	1.02851586615598e-181	2.42586942184223e-204	2.6673052777534e-228	1.36718381186915e-253	3.26685583510347e-280	3.63899878717351e-308	0	0	0	0	0	0	0	0	0	0	0	0	0	0	0	0	0	0	0	0	0	0	0	0	0	0	0	0	0	0	0	0	0	0	0	0	0	0	0	0	0
0.5	0.5	0	0	0	0	0	0	0	0	0	0	0	0	0	5.8137657957732e-296	7.18136087383055e-269	4.1431346043406e-243	1.11734680802484e-218	1.41027428996178e-195	8.34478568578588e-174	2.32041233368662e-153	3.04232048363406e-134	1.88937920062813e-116	5.59177228171224e-100	7.9483465582595e-85	5.47750952165133e-71	1.84922901090133e-58	3.08960698448739e-47	2.57535175929753e-37	1.07610684290243e-28	2.26013190394204e-21	2.40707555823562e-15	1.3521742252333e-10	4.53224003350707e-07	0.000115779158993613	0.00333003746224687	0.0470808622869859	0.28371995641616	0.181569398830948	0.00748640234118827	1.59276431122802e-05	1.62431482815606e-09	7.77978872731358e-15	1.74056950076346e-21	1.81638978125478e-29	8.83784459602802e-39	2.00471926783265e-49	2.11990327736444e-61	1.04503153342262e-74	2.4015534165735e-89	2.57278909240062e-105	1.28488738226143e-122	2.99140243394606e-141	3.24663530359481e-161	1.64263492409697e-182	3.87433774074575e-205	4.25993312488384e-229	2.1835189459298e-254	5.21747079498097e-281	5.81181749474025e-309	0	0	0	0	0	0	0	0	0	0	0	0	0	0	0	0	0	0	0	0	0	0	0	0	0	0	0	0	0	0	0	0	0	0	0	0	0	0	0	0	0
0.53030303030303	0.53030303030303	0	0	0	0	0	0	0	0	0	0	0	0	0	2.33364345275546e-298	2.89333124034207e-271	1.67817973377459e-245	4.56050193966945e-221	5.81893057826462e-198	3.49628875496691e-176	9.93205591780603e-156	1.34100182516009e-136	8.66341674008268e-119	2.69976614024401e-102	4.09510124313058e-87	3.05115418283827e-73	1.12553317072349e-60	2.06662989543888e-49	1.89252282190972e-39	8.63948244881304e-31	1.96931020903319e-23	2.28027701140877e-17	1.43228860696129e-12	5.73904572777867e-09	1.85400650695207e-06	7.72069703013778e-05	0.0021041531911081	0.0165561287742136	0.0119204937384649	0.000513043601048716	1.10583702410225e-06	1.13201904649551e-10	5.42791587011024e-16	1.2147893956134e-22	1.26783538442437e-30	6.16898860534343e-40	1.39934737420008e-50	1.4797536374897e-62	7.2946291213775e-76	1.67635586397003e-90	1.79588366659433e-106	8.96889820008692e-124	2.08808838744665e-142	2.26624857454802e-162	1.1466083227222e-183	2.70440365978666e-206	2.97356077499262e-230	1.52416155348414e-255	3.64195071770598e-282	4.05682249656324e-310	0	0	0	0	0	0	0	0	0	0	0	0	0	0	0	0	0	0	0	0	0	0	0	0	0	0	0	0	0	0	0	0	0	0	0	0	0	0	0	0	0
0.560606060606061	0.560606060606061	0	0	0	0	0	0	0	0	0	0	0	0	0	4.14075212704624e-301	5.16883126060091e-274	3.02708978288065e-248	8.33894690213098e-224	1.08438536248811e-200	6.68744833132485e-179	1.96741424350113e-158	2.78072845867844e-139	1.90322197528374e-121	6.35933175311615e-105	1.04501260619387e-89	8.49285563769257e-76	3.42405017326477e-63	6.85002224536546e-52	6.78690594803211e-42	3.32495103405035e-33	8.1028301127178e-26	1.01493020451274e-19	7.20661083169184e-15	3.48730004188778e-11	1.40097541207739e-08	9.18371675985453e-07	4.5536495515889e-05	0.000444404075736197	0.000349558651508666	1.54792296312902e-05	3.3633128802628e-08	3.45056414300156e-12	1.65553917815719e-17	3.7058296675599e-24	3.86785844255088e-32	1.8820396016462e-41	4.26916097651171e-52	4.51447348153847e-64	2.22546684553934e-77	5.11427647727056e-92	5.47893575650435e-108	2.73625841226891e-125	6.37040283075332e-144	6.91393929883726e-164	3.49810715237665e-185	8.25067601519909e-208	9.07182863726812e-232	4.64995790410716e-257	1.11109727755395e-283	1.23766760751498e-311	0	0	0	0	0	0	0	0	0	0	0	0	0	0	0	0	0	0	0	0	0	0	0	0	0	0	0	0	0	0	0	0	0	0	0	0	0	0	0	0	0
0.590909090909091	0.590909090909091	0	0	0	0	0	0	0	0	0	0	0	0	0	3.26546204772613e-304	4.12584770882829e-277	2.45741188602965e-251	6.9284663617103e-227	9.29536623886143e-204	5.97173730177538e-182	1.85015972248329e-161	2.78452340727032e-142	2.0494659955609e-124	7.4168455407329e-108	1.32439746823131e-92	1.16858311843495e-78	5.0917215692221e-66	1.092972317448e-54	1.15256941143938e-44	5.97412244250593e-36	1.54445532833672e-28	2.10262660351641e-22	1.71599214031745e-17	1.00287031087668e-13	4.95537845293848e-11	5.73162214099184e-09	4.6609934390303e-07	5.40388722579745e-06	4.53938554908447e-06	2.04952318228001e-07	4.47624333075614e-10	4.59863498335812e-14	2.20718341416445e-19	4.94116186498375e-26	5.15735545205304e-34	2.50951079363499e-43	5.69251262716967e-54	6.01961808809519e-66	2.96744770822435e-79	6.81940030296376e-94	7.30563889732029e-110	3.64853996335529e-127	8.49432541623316e-146	9.21907953503185e-166	4.66439271097495e-187	1.10014906328973e-209	1.20964194443657e-233	6.20027598143277e-259	1.48154239353274e-285	1.65031187366695e-313	0	0	0	0	0	0	0	0	0	0	0	0	0	0	0	0	0	0	0	0	0	0	0	0	0	0	0	0	0	0	0	0	0	0	0	0	0	0	0	0	0
0.621212121212121	0.621212121212121	0	0	0	0	0	0	0	0	0	0	0	0	0	1.15529848596328e-307	1.4902061719533e-280	9.12720523864966e-255	2.66957699212131e-230	3.75274918843621e-207	2.55236125146161e-185	8.4507431436023e-165	1.3689387871186e-145	1.08871707308154e-127	4.25895358266062e-111	8.19849449444076e-96	7.75906505068604e-82	3.60220182480692e-69	8.17874526430494e-58	9.06399006447681e-48	4.92776938375452e-39	1.35086073471227e-31	2.02430534543992e-25	1.92758300668275e-20	1.34532475189116e-16	8.25931738546583e-14	1.86521889726709e-11	2.21441160401017e-09	2.94538785922768e-08	2.5978863494229e-08	1.18889175572242e-09	2.60556065923266e-12	2.67915685200365e-16	1.28619594653676e-21	2.87954957671912e-28	3.00559175085363e-36	1.46249413862865e-45	3.31749061517958e-56	3.50812315780278e-68	1.72937440631316e-81	3.97422230195806e-96	4.25759335832152e-112	2.12630268250244e-129	4.95033825203049e-148	5.37271176413943e-168	2.71832317960147e-189	6.41146851308412e-212	7.04957309675601e-236	3.61340799667509e-261	8.63415942813689e-288	9.61771654312748e-316	0	0	0	0	0	0	0	0	0	0	0	0	0	0	0	0	0	0	0	0	0	0	0	0	0	0	0	0	0	0	0	0	0	0	0	0	0	0	0	0	0
0.651515151515151	0.651515151515151	0	0	0	0	0	0	0	0	0	0	0	0	0	1.86104935553647e-311	2.48121813707907e-284	1.58536527971698e-258	4.88466238228101e-234	7.2993681015431e-211	5.31519509107481e-189	1.89208157909703e-168	3.29864452491765e-149	2.81856702470583e-131	1.18034241494822e-114	2.42066736983601e-99	2.42683311233052e-85	1.1860482636087e-72	2.81736005257751e-61	3.2532926226723e-51	1.84848215963043e-42	5.40695349909908e-35	9.07432404276898e-29	1.01514427220783e-23	8.31334566430128e-20	6.6576530812781e-17	3.06125104566099e-14	4.81429859456454e-12	7.14366213974247e-11	6.53346358300130e-11	3.01871128734115e-12	6.63146118363351e-15	6.82277133741619e-19	3.27592636935857e-24	7.3344621768727e-31	7.65558165152479e-39	3.72514845032991e-48	8.45005452819831e-59	8.93562112161048e-71	4.4049296226191e-84	1.01228339468411e-98	1.08446150257533e-114	5.41595500851355e-132	1.26091216883074e-150	1.36849590871409e-170	6.92390419111687e-192	1.6330800562353e-214	1.79561315880871e-238	9.20379554611314e-264	2.19922682858706e-290	2.44983438621674e-318	0	0	0	0	0	0	0	0	0	0	0	0	0	0	0	0	0	0	0	0	0	0	0	0	0	0	0	0	0	0	0	0	0	0	0	0	0	0	0	0	0
0.681818181818182	0.681818181818182	0	0	0	0	0	0	0	0	0	0	0	0	0	1.39309554312069e-315	1.94800178475577e-288	1.31705837013357e-262	4.32503614591016e-238	6.91940263430926e-215	5.4017332028212e-193	2.05888477544832e-172	3.83189710818724e-153	3.48219691176792e-135	1.54446803788663e-118	3.33936623908986e-103	3.51132533832307e-89	1.78977539865977e-76	4.41237253586062e-65	5.28142671713217e-55	3.13984550386983e-46	9.92105286523762e-39	1.89711740321089e-32	2.48255289066125e-27	2.3473887014941e-23	2.71440151238112e-20	2.43555344090987e-17	4.73960483852938e-15	7.67102503117525e-14	7.20774211479796e-14	3.35321553799916e-15	7.37854790315031e-18	7.59446359854792e-22	3.64681204503377e-27	8.16504068045906e-34	8.52257996766007e-42	4.1470305168172e-51	9.4070481685377e-62	9.94760799097596e-74	4.90380179646615e-87	1.12692769609979e-101	1.20728020802525e-117	6.0293291018092e-135	1.40371447424293e-153	1.52348241434199e-173	7.70805831936521e-195	1.81803155652687e-217	1.99897204890779e-241	1.02461546075849e-266	2.44829624799502e-293	2.69759842629321e-321	0	0	0	0	0	0	0	0	0	0	0	0	0	0	0	0	0	0	0	0	0	0	0	0	0	0	0	0	0	0	0	0	0	0	0	0	0	0	0	0	0
0.712121212121212	0.712121212121212	0	0	0	0	0	0	0	0	0	0	0	0	0	4.95943095295443e-320	7.35445979376612e-293	5.30451909383934e-267	1.8615816548753e-242	3.17959146170484e-219	2.64252918419876e-197	1.06853177471316e-176	2.10260488498522e-157	2.01363188377476e-139	9.37950523784968e-123	2.12089974489899e-107	2.32070340453927e-93	1.22468535261374e-80	3.1153458755633e-69	3.85749137441999e-59	2.41421359728935e-50	8.38015214959798e-43	1.84704865548746e-36	2.78832929727399e-31	3.02535424195846e-27	5.84967611948092e-24	9.10751264354269e-21	2.09645755130475e-18	3.63420142574691e-17	3.4841480537068e-17	1.62900814810264e-18	3.58878373383002e-21	3.69484172179746e-25	1.77435938047106e-30	3.97277345874184e-37	4.14675481445049e-45	2.01778541012022e-54	4.57710885476825e-65	4.84012492553425e-77	2.38600213030299e-90	5.48319857472734e-105	5.87416313636245e-121	2.93364063573199e-138	6.82993705254596e-157	7.41268198214249e-177	3.75044598379141e-198	8.84584530516369e-221	9.72623244659398e-245	4.98538643657543e-270	1.19124719223348e-296	0	0	0	0	0	0	0	0	0	0	0	0	0	0	0	0	0	0	0	0	0	0	0	0	0	0	0	0	0	0	0	0	0	0	0	0	0	0	0	0	0	0
0.742424242424243	0.742424242424243	0	0	0	0	0	0	0	0	0	0	0	0	0	0	1.34498146731619e-297	1.03334145342863e-271	3.85202903094353e-247	6.96305829808922e-224	6.10358348281575e-202	2.59602339164823e-181	5.36115417664174e-162	5.3752220532075e-144	2.61261859209621e-127	6.13751853168735e-112	6.94212270630207e-98	3.77039629998055e-85	9.85923694098629e-74	1.26469904091657e-63	8.42671927471101e-55	3.2726796624838e-47	8.32791495514685e-41	1.4239587941489e-35	1.79693613655515e-31	6.71515323776683e-28	1.56895079137375e-24	4.14164947755934e-22	7.57704898012203e-21	7.37414024733648e-21	3.46034573527416e-22	7.62982891901843e-25	7.85688658264734e-29	3.77326131030248e-34	8.44839219555002e-41	8.81840101276105e-49	4.29098278062595e-58	9.73359148669039e-69	1.02929169015164e-80	5.07402646991961e-94	1.16604652040217e-108	1.24918829767403e-124	6.23862406942915e-142	1.45244135134877e-160	1.57636677363194e-180	7.9756267022615e-202	1.88114054502032e-224	2.06836199078912e-248	1.06018274511042e-273	2.53328349654449e-300	0	0	0	0	0	0	0	0	0	0	0	0	0	0	0	0	0	0	0	0	0	0	0	0	0	0	0	0	0	0	0	0	0	0	0	0	0	0	0	0	0	0
0.772727272727273	0.772727272727273	0	0	0	0	0	0	0	0	0	0	0	0	0	0	1.18148962567824e-302	9.58918575514152e-277	3.76156536513333e-252	7.13412619581321e-229	6.54903476520151e-207	2.91337341255595e-186	6.28306300596026e-167	6.56181909318576e-149	3.30934933882897e-132	8.02797538250004e-117	9.33155127808284e-103	5.19195248442466e-90	1.39360444091905e-78	1.86214923626484e-68	1.34213667702039e-59	5.92012273822561e-52	1.72386496927786e-45	3.28196285059861e-40	5.05249965321535e-36	3.95708649229285e-32	1.22994341637726e-28	3.63731775570799e-26	6.93973332381909e-25	6.8300429396108e-25	3.21360927870529e-26	7.09020139613142e-29	7.30225618500943e-33	3.50701941107097e-38	7.85233531949509e-45	8.19625483391506e-53	3.98825194913972e-62	9.04688315890188e-73	9.56674826386709e-85	4.71605229008439e-98	1.0837815703482e-112	1.16105766975867e-128	5.79848717719624e-146	1.3499711568123e-164	1.46515360157109e-184	7.41294372803173e-206	1.74842548746999e-228	1.92243840131198e-252	9.85386518745411e-278	2.35455954850062e-304	0	0	0	0	0	0	0	0	0	0	0	0	0	0	0	0	0	0	0	0	0	0	0	0	0	0	0	0	0	0	0	0	0	0	0	0	0	0	0	0	0	0
0.803030303030303	0.803030303030303	0	0	0	0	0	0	0	0	0	0	0	0	0	0	4.89799413943878e-308	4.1611635990494e-282	1.70481170456738e-257	3.37367551518006e-234	3.23016756390954e-212	1.4976081315468e-191	3.35959392542977e-172	3.63720717865355e-154	1.89285413031265e-137	4.71464125790739e-122	5.60364026682689e-108	3.1843003453514e-95	8.78587703374878e-84	1.23529994484468e-73	9.81159132185828e-65	4.94969270898709e-57	1.62260365858287e-50	3.40107323938511e-45	7.06644782378176e-41	1.13761019968772e-36	4.35316926262054e-33	1.41483380297928e-30	2.78846554508747e-29	2.76744927773771e-29	1.30468466377606e-30	2.87984360397445e-33	2.96628636118991e-37	1.42463883598617e-42	3.18983285701094e-49	3.32954685151157e-57	1.62013947971318e-66	3.67509724372141e-77	3.88628108333586e-89	1.91579253401097e-102	4.40262430559508e-117	4.71654146824048e-133	2.35550790797813e-150	5.4839609683434e-169	5.95186432182493e-189	3.01134538026547e-210	7.10259406735613e-233	7.80948326472773e-257	4.00291604775457e-282	9.56488040255222e-309	0	0	0	0	0	0	0	0	0	0	0	0	0	0	0	0	0	0	0	0	0	0	0	0	0	0	0	0	0	0	0	0	0	0	0	0	0	0	0	0	0	0
0.833333333333333	0.833333333333333	0	0	0	0	0	0	0	0	0	0	0	0	0	0	9.41703357425594e-314	8.32312842240509e-288	3.5471638174366e-263	7.30489888067294e-240	7.2777277691779e-218	3.50597401214626e-197	8.14721177411322e-178	9.09689188113132e-160	4.85819679557969e-143	1.23605679716797e-127	1.49643233069692e-113	8.67575223679351e-101	2.47258526874205e-89	3.71229191294862e-79	3.30658165923285e-70	1.90088089950047e-62	6.88545066068481e-56	1.58657472736972e-50	5.21697918103501e-46	1.53527296257639e-41	6.91737598814143e-38	2.43033196845736e-35	4.91073993892624e-34	4.90424030458177e-34	2.31542341579831e-35	5.11257008154151e-38	5.26643679124744e-42	2.52939285966092e-47	5.66345200430165e-54	5.91151568196556e-62	2.8765121962652e-71	6.52503241644876e-82	6.89998351289875e-94	3.40143614427616e-107	7.81673651507088e-122	8.37408767345607e-138	4.18213851633486e-155	9.73661956749811e-174	1.05673689061288e-193	5.34655963517131e-215	1.26104574368701e-237	1.38655194679419e-261	7.10706566711822e-287	1.69821780718083e-313	0	0	0	0	0	0	0	0	0	0	0	0	0	0	0	0	0	0	0	0	0	0	0	0	0	0	0	0	0	0	0	0	0	0	0	0	0	0	0	0	0	0
0.863636363636364	0.863636363636364	0	0	0	0	0	0	0	0	0	0	0	0	0	0	8.30030285013294e-320	7.60938471633565e-294	3.3686978512758e-269	7.20945558499398e-246	7.45676244370396e-224	3.71901867129212e-203	8.90967936312061e-184	1.02053180930228e-165	5.56408356394853e-149	1.43990112007417e-133	1.77131070097147e-119	1.04914501950583e-106	3.11624183532337e-95	5.0879329254292e-85	5.14104872499436e-76	3.32466810459777e-68	1.30867825284192e-61	3.36266122587332e-56	2.08663595551076e-51	9.51117495623899e-47	4.9131907331258e-43	1.83925600120085e-40	3.78770783264131e-39	3.80033482102726e-39	1.79617643172761e-40	3.96702730539449e-43	4.08664928267696e-47	1.96278360160776e-52	4.39479536024577e-59	4.58729405917552e-67	2.23215333652267e-76	5.06337969248805e-87	5.35433918045729e-99	2.63949077914054e-112	6.06573314657937e-127	6.49823376838278e-143	3.24531038982623e-160	7.55554903815758e-179	8.20020474470752e-199	4.14889307619486e-220	9.78562722901694e-243	1.07595466325641e-266	5.51503350760549e-292	1.31788058502986e-318	0	0	0	0	0	0	0	0	0	0	0	0	0	0	0	0	0	0	0	0	0	0	0	0	0	0	0	0	0	0	0	0	0	0	0	0	0	0	0	0	0	0
0.893939393939394	0.893939393939394	0	0	0	0	0	0	0	0	0	0	0	0	0	0	0	3.16730304883615e-300	1.45569608224224e-275	3.23208206175629e-252	3.45941098855856e-230	1.77821741933862e-209	4.36913130111008e-190	5.10742695194637e-172	2.83017953832658e-155	7.42611601676044e-140	9.27586510157875e-126	5.63694779081602e-113	1.76841935577267e-101	3.19980272915501e-91	3.6744069432946e-82	2.62499808887274e-74	1.10954618302516e-67	3.31686621787386e-62	4.37111885053347e-57	2.6731426888569e-52	1.55389222398436e-48	6.12109143868419e-46	1.27885929021842e-44	1.28757816893845e-44	6.09042970375382e-46	1.34537542049544e-48	1.38600179308965e-52	6.65691469341696e-58	1.49052813993719e-64	1.55581631771826e-72	7.57052185151375e-82	1.71728469670942e-92	1.8159658871546e-104	8.95203882368322e-118	2.05724070234399e-132	2.20392666144442e-148	1.10067232849945e-165	2.56252338113698e-184	2.78116339161325e-204	1.40712944352812e-225	3.31887179169514e-248	3.64918415289302e-272	1.87046662521246e-297	0	0	0	0	0	0	0	0	0	0	0	0	0	0	0	0	0	0	0	0	0	0	0	0	0	0	0	0	0	0	0	0	0	0	0	0	0	0	0	0	0	0	0
0.924242424242424	0.924242424242424	0	0	0	0	0	0	0	0	0	0	0	0	0	0	0	5.99051121064865e-307	2.85484783972808e-282	6.55713830338672e-259	7.23167882516153e-237	3.81174801861649e-216	9.55632787400451e-197	1.13491756114437e-178	6.3693248638642e-162	1.69139314186477e-146	2.1479884798612e-132	1.34978127982445e-119	4.55055518246042e-108	9.26455397419754e-98	1.19870775347698e-88	9.28555132219722e-81	4.19036334386552e-74	1.59763065047138e-68	4.51467243923286e-63	3.38666546493979e-58	2.18101854484124e-54	8.94527655604667e-52	1.8893562592178e-50	1.90715392893119e-50	9.02646298070086e-52	1.99421470954021e-54	2.05449748937593e-58	9.86774396100521e-64	2.20945804755184e-70	2.30623767647368e-78	1.12220343835222e-87	2.54558783021157e-98	2.69186623082958e-110	1.32699029223982e-123	3.04951586481925e-138	3.26695330874491e-154	1.63156295914906e-171	3.79851307458052e-190	4.12261038606103e-210	2.08583446622249e-231	4.91967331358992e-254	5.40930624023712e-278	2.77265447946654e-303	0	0	0	0	0	0	0	0	0	0	0	0	0	0	0	0	0	0	0	0	0	0	0	0	0	0	0	0	0	0	0	0	0	0	0	0	0	0	0	0	0	0	0
0.954545454545455	0.954545454545455	0	0	0	0	0	0	0	0	0	0	0	0	0	0	0	5.13848862404159e-314	2.53252485511159e-289	5.9925530957747e-266	6.77616396172996e-244	3.64393603034336e-223	9.27908675174449e-204	1.11541713796549e-185	6.32437917963857e-169	1.6990000303247e-153	2.20192065637898e-139	1.44786800790577e-126	5.34809705337722e-115	1.23371711517239e-104	1.76973433294417e-95	1.46326151523089e-87	7.06357905778577e-81	4.02374706604107e-75	2.19290340386683e-69	1.92627059830345e-64	1.35458071135874e-60	5.7338496929947e-58	1.22101701604462e-56	1.23488924411006e-56	5.84724084009861e-58	1.29195931961817e-60	1.33104413302933e-64	6.39303339418856e-70	1.4314473413972e-76	1.49414861767071e-84	7.2704510805565e-94	1.64921719398208e-104	1.7439870013095e-116	8.59720960807802e-130	1.97569848484718e-144	2.11657029789645e-160	1.05704531781242e-177	2.46095342973448e-196	2.67092727334195e-216	1.3513554864044e-237	3.1873226908929e-260	3.50454256258646e-284	1.79632751467414e-309	0	0	0	0	0	0	0	0	0	0	0	0	0	0	0	0	0	0	0	0	0	0	0	0	0	0	0	0	0	0	0	0	0	0	0	0	0	0	0	0	0	0	0
0.984848484848485	0.984848484848485	0	0	0	0	0	0	0	0	0	0	0	0	0	0	0	1.97132192690657e-321	1.01180134371486e-296	2.45447303824074e-273	2.83135858845549e-251	1.54629679624425e-230	3.9842733896416e-211	4.8343665883612e-193	2.76559715837245e-176	7.52538773256425e-161	1.00205432059208e-146	7.00563153468776e-134	2.88608394061361e-122	7.51691557915192e-112	1.17276462060345e-102	1.02343380303643e-94	5.35713931812481e-88	5.54916234203102e-82	4.87976497996687e-76	4.90284236688612e-71	3.71332462070429e-67	1.61067837942665e-64	3.45104782207778e-63	3.49524856613648e-63	1.65555235419496e-64	3.65824740890714e-67	3.76898178827875e-71	1.81025697477008e-76	4.05330247604771e-83	4.23084896655762e-91	2.05870965488689e-100	4.66994325158491e-111	4.93829459035261e-123	2.43439622495405e-136	5.59441162080411e-151	5.99330594318162e-167	2.99314225083907e-184	6.9684653664076e-203	7.56302983047251e-223	3.82651446831137e-244	9.02526131323921e-267	9.92350492188517e-291	5.08650236436283e-316	0	0	0	0	0	0	0	0	0	0	0	0	0	0	0	0	0	0	0	0	0	0	0	0	0	0	0	0	0	0	0	0	0	0	0	0	0	0	0	0	0	0	0
1.01515151515152	1.01515151515152	0	0	0	0	0	0	0	0	0	0	0	0	0	0	0	0	1.81150087981567e-304	4.48269641342032e-281	5.25113203629242e-259	2.90134102421401e-238	7.54237264017287e-219	9.22064399985461e-201	5.32118472235168e-184	1.47137712731178e-168	2.03397990625459e-154	1.54091441251816e-141	7.16245355997088e-130	2.07918133168104e-119	3.46497860406349e-110	3.17093578643241e-102	1.86528349589978e-95	4.09548900515589e-89	4.91356766742819e-83	5.56732658060943e-78	4.4834872689487e-74	1.98149422505369e-71	4.26511374771425e-70	4.32433595240569e-70	2.0487531266604e-71	4.5273466603559e-74	4.66444702462018e-78	2.24035889222768e-83	5.0163365051161e-90	5.23606747507725e-98	2.54784397035186e-107	5.77948756357064e-118	6.11159722575528e-130	3.01279094405729e-143	6.92360286189814e-158	7.41727155489494e-174	3.70429093516855e-191	8.62412171744126e-210	9.35995034503257e-230	4.73566628993559e-251	1.11695973222934e-273	1.22812570358113e-297	0	0	0	0	0	0	0	0	0	0	0	0	0	0	0	0	0	0	0	0	0	0	0	0	0	0	0	0	0	0	0	0	0	0	0	0	0	0	0	0	0	0	0	0
1.04545454545455	1.04545454545455	0	0	0	0	0	0	0	0	0	0	0	0	0	0	0	0	1.44607730895962e-312	3.63368425490163e-289	4.3059355802644e-267	2.39970743440371e-246	6.28079534509958e-227	7.72913731942557e-209	4.50487735152172e-192	1.27315475713567e-176	1.85355803797069e-162	1.55124996355537e-149	8.150001852402e-138	2.58881742547698e-127	4.541934659089e-118	4.35150642883148e-110	3.11335702503779e-103	1.51288174484791e-96	2.22631150272689e-90	2.81202972416425e-85	2.38019692326585e-81	1.06703618114118e-78	2.30466474200883e-77	2.33851347988106e-77	1.10812389065126e-78	2.44883897181685e-81	2.52301996474876e-85	1.21182256966047e-90	2.71336558723206e-97	2.83221965715831e-105	1.3781438055965e-114	3.12615887132523e-125	3.30579894844064e-137	1.62963637324538e-150	3.74501758267985e-165	4.01204588753976e-181	2.00367279298836e-198	4.66483825139564e-217	5.06285229165754e-237	2.56154979938022e-258	6.0417010043307e-281	6.64300429341438e-305	0	0	0	0	0	0	0	0	0	0	0	0	0	0	0	0	0	0	0	0	0	0	0	0	0	0	0	0	0	0	0	0	0	0	0	0	0	0	0	0	0	0	0	0
1.07575757575758	1.07575757575758	0	0	0	0	0	0	0	0	0	0	0	0	0	0	0	0	4.98018171007977e-321	1.30224952864866e-297	1.55633069091572e-275	8.72921935130239e-255	2.29724128247216e-235	2.84572620241055e-217	1.67981924449827e-200	4.89580662468614e-185	7.64284890354836e-171	7.17482550637999e-158	4.22403287208253e-146	1.44008734701219e-135	2.63285087699865e-126	2.6507416524536e-118	2.67412246050313e-111	2.64157328405164e-104	4.52612188885911e-98	6.29967397142621e-93	5.54819279844726e-89	2.51421423129751e-86	5.4443123984326e-85	5.52752060795017e-85	2.61961168528372e-86	5.78924643579618e-89	5.96465731390048e-93	2.86486742382645e-98	6.41466469629857e-105	6.69564802038922e-113	3.25806862863329e-122	7.39054962794637e-133	7.81523659467869e-145	3.85262202016735e-158	8.85359301163688e-173	9.48487440939696e-189	4.73688121516609e-206	1.10281403042271e-224	1.19690849720847e-244	6.05575779082661e-266	1.42831804151039e-288	1.57047210313601e-312	0	0	0	0	0	0	0	0	0	0	0	0	0	0	0	0	0	0	0	0	0	0	0	0	0	0	0	0	0	0	0	0	0	0	0	0	0	0	0	0	0	0	0	0
1.10606060606061	1.10606060606061	0	0	0	0	0	0	0	0	0	0	0	0	0	0	0	0	0	2.05703408413712e-306	2.47369348349062e-284	1.39424965027335e-263	3.68711711320916e-244	4.60265700031096e-226	2.76513250451583e-209	8.41678489124337e-194	1.43697351024039e-179	1.52370857528574e-166	9.88942922601858e-155	3.55777062834205e-144	6.73689247918874e-135	7.2148795436759e-127	1.26086575387701e-119	2.1121005880782e-112	4.12021086197535e-106	6.24282769999606e-101	5.67227464163707e-97	2.59141887328644e-94	5.62221138746702e-93	5.71063223836576e-93	2.70666122621006e-94	5.98175783789821e-97	6.16303332391558e-101	2.96015228654106e-106	6.62801679459745e-113	6.91834605616695e-121	3.36643241817038e-130	7.63636030087554e-141	8.0751724188827e-153	3.98076074931187e-166	9.14806471227169e-181	9.80034261475838e-197	4.8944305248933e-214	1.13949377419521e-232	1.23671783566969e-252	6.25717311379958e-274	1.47582409270596e-296	1.61855905577592e-320	0	0	0	0	0	0	0	0	0	0	0	0	0	0	0	0	0	0	0	0	0	0	0	0	0	0	0	0	0	0	0	0	0	0	0	0	0	0	0	0	0	0	0	0
1.13636363636364	1.13636363636364	0	0	0	0	0	0	0	0	0	0	0	0	0	0	0	0	0	1.42880292721304e-315	1.72610044268533e-293	9.76748425584388e-273	2.59598179692492e-253	3.2733330573645e-235	2.01667268231365e-218	6.51783911574971e-203	1.2389454710013e-188	1.47850663140365e-175	1.03744584139654e-163	3.88711825153424e-153	7.60414038913407e-144	8.91893876778993e-136	3.24832000857617e-128	7.62494189306241e-121	1.67590732612956e-114	2.73009677333767e-109	2.54132968773176e-105	1.16813133354798e-102	2.5379225977633e-101	2.57867353960025e-101	1.2223008999888e-102	2.70134678993701e-105	2.78322094719764e-109	1.33680357525235e-114	2.99321029214309e-121	3.12432303466554e-129	1.52027990074888e-138	3.44857809842586e-149	3.64674552564418e-161	1.79771040170091e-174	4.13126337521710e-189	4.42583188713911e-205	2.21032340786434e-222	5.14595058487441e-241	5.58501416498243e-261	2.82573756643487e-282	6.66481732942906e-305	0	0	0	0	0	0	0	0	0	0	0	0	0	0	0	0	0	0	0	0	0	0	0	0	0	0	0	0	0	0	0	0	0	0	0	0	0	0	0	0	0	0	0	0	0
1.16666666666667	1.16666666666667	0	0	0	0	0	0	0	0	0	0	0	0	0	0	0	0	0	0	5.2814505014741e-303	2.99939288529768e-282	8.019399171246e-263	1.02559219515768e-244	6.55133564702809e-228	2.2920404586091e-212	4.90719167944998e-198	6.50515619397973e-185	4.84336434342377e-173	1.87297505409637e-162	3.78793118314743e-153	5.19543716609267e-145	4.27027973365451e-137	1.23606357942826e-129	3.03865654678948e-123	5.25805261700898e-118	4.98630741044801e-114	2.30247263294709e-111	5.00772468761887e-110	5.08936016818828e-110	2.41250802975106e-111	5.33183113941543e-114	5.49344725248686e-118	2.63854892827552e-123	5.9079232789164e-130	6.16671052086383e-138	3.00069039765493e-147	6.80671710396941e-158	7.19785501283426e-170	3.54827578087451e-183	8.15418421405567e-198	8.7355961677084e-214	4.3626810017941e-231	1.01569484234436e-249	1.10235611248716e-269	5.57737005964049e-291	1.31548495680894e-313	0	0	0	0	0	0	0	0	0	0	0	0	0	0	0	0	0	0	0	0	0	0	0	0	0	0	0	0	0	0	0	0	0	0	0	0	0	0	0	0	0	0	0	0	0
1.1969696969697	1.1969696969697	0	0	0	0	0	0	0	0	0	0	0	0	0	0	0	0	0	0	7.08074403580879e-313	4.03652984018956e-292	1.08786746002364e-272	1.42013445422308e-254	9.54601552828781e-238	3.68607117981063e-222	8.90355756920697e-208	1.28698646051805e-194	1.0010884048066e-182	3.97360093595658e-172	8.34476614348604e-163	1.52649550400078e-154	2.67681948866843e-146	8.9795026156259e-139	2.44951450323193e-132	4.4523535687826e-127	4.28247622877224e-123	1.984237948228e-120	4.31898147622805e-119	4.39017583822612e-119	2.08115863439339e-120	4.59956565464253e-123	4.73899561771739e-127	2.27618054776953e-132	5.0965518808534e-139	5.31979841208211e-147	2.5885872294348e-156	5.87190901330277e-167	6.20932956268777e-179	3.06096936725136e-192	7.03432022647663e-207	7.53588332075337e-223	3.76352733849393e-240	8.76203257849696e-259	9.50962805760058e-279	4.81139571922109e-300	1.03753785626662e-322	0	0	0	0	0	0	0	0	0	0	0	0	0	0	0	0	0	0	0	0	0	0	0	0	0	0	0	0	0	0	0	0	0	0	0	0	0	0	0	0	0	0	0	0	0
1.22727272727273	1.22727272727273	0	0	0	0	0	0	0	0	0	0	0	0	0	0	0	0	0	0	0	2.38128361384172e-302	6.49107941155554e-283	8.73109847590924e-265	6.28956793762106e-248	2.72171203824025e-232	7.35238472587831e-218	1.13628766861225e-204	9.12788804606031e-193	3.70904515240717e-182	8.17302804520325e-173	2.44653823555745e-164	7.69521294236389e-156	2.92037614701785e-148	8.75558691385266e-142	1.65531369223661e-136	1.60932874062345e-132	7.4756764185864e-130	1.62814136730524e-128	1.65520012876684e-128	7.84669769316526e-130	1.73420942714058e-132	1.78678256151828e-136	8.58207409202099e-142	1.92159578113294e-148	2.00576833338945e-156	9.75996816495298e-166	2.21393524775872e-176	2.34115575626092e-188	1.15410302865717e-201	2.65220892599167e-216	2.84131747846164e-232	1.41899437031997e-249	3.30362284718369e-268	3.5854950592638e-288	1.81408100032289e-309	0	0	0	0	0	0	0	0	0	0	0	0	0	0	0	0	0	0	0	0	0	0	0	0	0	0	0	0	0	0	0	0	0	0	0	0	0	0	0	0	0	0	0	0	0	0
1.25757575757576	1.25757575757576	0	0	0	0	0	0	0	0	0	0	0	0	0	0	0	0	0	0	0	6.16260575901873e-313	1.70813985483773e-293	2.39839718940607e-275	1.88866601981412e-258	9.2220842005607e-243	2.74069751129198e-228	4.4501601999696e-215	3.66282699850152e-203	1.52320008827508e-192	3.60498190283793e-183	2.17956971599654e-174	9.97322621958229e-166	4.2474950754905e-158	1.38416352945691e-151	2.69915674014891e-146	2.64548211280604e-142	1.23121994362281e-139	2.68266287315464e-138	2.72751696757317e-138	1.29304497532088e-139	2.8577910348857e-142	2.94442933198213e-146	1.41423572643803e-151	3.16658833146239e-158	3.30529591538091e-166	1.60834042857171e-175	3.64833317847514e-186	3.85797923925363e-198	1.90184079498895e-211	4.37056225231054e-226	4.68219332063921e-242	2.33835395484804e-259	5.44402410017818e-278	5.90851995418985e-298	2.99018410176039e-319	0	0	0	0	0	0	0	0	0	0	0	0	0	0	0	0	0	0	0	0	0	0	0	0	0	0	0	0	0	0	0	0	0	0	0	0	0	0	0	0	0	0	0	0	0	0
1.28787878787879	1.28787878787879	0	0	0	0	0	0	0	0	0	0	0	0	0	0	0	0	0	0	0	0	1.99032788968683e-304	2.96643312750275e-286	2.59973198598699e-269	1.42698927100698e-253	4.57454445595682e-239	7.69678245450717e-226	6.45951852527822e-214	2.75409939629991e-203	7.3809394540711e-194	1.01364930983402e-184	5.79135578956196e-176	2.75838684766308e-168	9.65567165532198e-162	1.92871235062953e-156	1.90187631021573e-152	8.86395509735294e-150	1.93196102437694e-148	1.96440775161075e-148	9.31290257106809e-150	2.0582756898357e-152	2.12067728500098e-156	1.01858045449268e-161	2.28068423446384e-168	2.38058616132314e-176	1.15838129890566e-185	2.62765323388351e-196	2.77864743420057e-208	1.36977021328356e-221	3.14782709695099e-236	3.37227435671456e-252	1.68416178889898e-269	3.9209707103396e-288	4.25551637089145e-308	0	0	0	0	0	0	0	0	0	0	0	0	0	0	0	0	0	0	0	0	0	0	0	0	0	0	0	0	0	0	0	0	0	0	0	0	0	0	0	0	0	0	0	0	0	0	0
1.31818181818182	1.31818181818182	0	0	0	0	0	0	0	0	0	0	0	0	0	0	0	0	0	0	0	0	1.0325897344763e-315	1.66567870145572e-297	1.6433258447618e-280	1.00073643972231e-264	3.39555251466731e-250	5.86087833027344e-237	5.00283844527271e-225	2.19645536062333e-214	7.45905500343129e-205	2.2769932568089e-195	1.50430812528881e-186	7.98179986093072e-179	2.96621667351295e-172	6.03554779509894e-167	5.97871031036821e-163	2.78939555302379e-160	6.08114308219364e-159	6.18361170843668e-159	2.93157504994224e-160	6.47919014095698e-163	6.6756266972781e-167	3.20636426443173e-172	7.17930982949425e-179	7.49378870504106e-187	3.64644004475607e-196	8.27152509153992e-207	8.74683602774417e-219	4.31186601943454e-232	9.90896762306072e-247	1.06154996407407e-262	5.30153154040182e-280	1.23427274189897e-298	1.33966888001146e-318	0	0	0	0	0	0	0	0	0	0	0	0	0	0	0	0	0	0	0	0	0	0	0	0	0	0	0	0	0	0	0	0	0	0	0	0	0	0	0	0	0	0	0	0	0	0	0
1.34848484848485	1.34848484848485	0	0	0	0	0	0	0	0	0	0	0	0	0	0	0	0	0	0	0	0	0	4.27640466036957e-309	4.75684677458997e-292	3.15432910774187e-276	1.11497648827571e-261	1.96098706960583e-248	1.7013407463337e-236	7.75895260930854e-226	4.05279569996272e-216	2.35474358153043e-206	1.74756628783935e-197	1.02661894611719e-189	4.00613080125128e-183	8.26724338115945e-178	8.21728873335541e-174	3.83681916263509e-171	8.36611736464647e-170	8.50743335003509e-170	4.03330776075214e-171	8.91419189479913e-174	9.18445737429944e-178	4.41137895000918e-183	9.87743575637075e-190	1.03101020398464e-197	5.01684401187352e-207	1.13801270902949e-217	1.20340692361555e-229	5.93235017223162e-243	1.36329527681402e-257	1.46050134300303e-273	7.29395148299479e-291	1.69813674172958e-309	0	0	0	0	0	0	0	0	0	0	0	0	0	0	0	0	0	0	0	0	0	0	0	0	0	0	0	0	0	0	0	0	0	0	0	0	0	0	0	0	0	0	0	0	0	0	0	0
1.37878787878788	1.37878787878788	0	0	0	0	0	0	0	0	0	0	0	0	0	0	0	0	0	0	0	0	0	4.98018171007977e-321	6.26477730741634e-304	4.43505910111922e-288	1.61354352588928e-273	2.87955173924496e-260	2.54123420173786e-248	1.22621729500101e-237	1.23734071663446e-227	1.09728468412126e-217	9.07899225830892e-209	5.85412526736497e-201	2.37554177706789e-194	4.95491783842101e-189	4.93749379675678e-185	2.3067594934306e-182	5.03051588698021e-181	5.11564279679013e-181	2.42530292410479e-182	5.36027760530919e-185	5.52279546316864e-189	2.65264942838773e-194	5.93949762350357e-201	6.19966844910788e-209	3.01672761758309e-218	6.84309570139427e-229	7.23632405954703e-241	3.56723959610224e-254	8.19776437912606e-269	8.78228369816038e-285	4.38599741870647e-302	1.01678709914129e-320	0	0	0	0	0	0	0	0	0	0	0	0	0	0	0	0	0	0	0	0	0	0	0	0	0	0	0	0	0	0	0	0	0	0	0	0	0	0	0	0	0	0	0	0	0	0	0	0
1.40909090909091	1.40909090909091	0	0	0	0	0	0	0	0	0	0	0	0	0	0	0	0	0	0	0	0	0	0	3.72327203717342e-316	2.76476855631152e-300	1.02647164892749e-285	1.85454854432463e-272	1.66843029186848e-260	8.88182416863708e-250	2.02144692048527e-239	2.28641404136371e-229	2.10808312614409e-220	1.47629316373397e-212	6.17802980720713e-206	1.2990350331504e-200	1.29691831759878e-196	6.0617279210949e-194	1.32205472092411e-192	1.34445675715259e-192	6.37404058132996e-194	1.40875871972946e-196	1.45147115102194e-200	6.97154977758647e-206	1.56098666686929e-212	1.62936336222853e-220	7.92840052284961e-230	1.7984654374896e-240	1.90181158994842e-252	9.37522636109008e-266	2.1544921398974e-280	2.30811234904762e-296	1.15270414225953e-313	0	0	0	0	0	0	0	0	0	0	0	0	0	0	0	0	0	0	0	0	0	0	0	0	0	0	0	0	0	0	0	0	0	0	0	0	0	0	0	0	0	0	0	0	0	0	0	0	0
1.43939393939394	1.43939393939394	0	0	0	0	0	0	0	0	0	0	0	0	0	0	0	0	0	0	0	0	0	0	0	7.60730529552057e-313	2.86580599883045e-298	5.23743732910085e-285	4.82228977026773e-273	3.10864529396482e-262	1.62287639236421e-251	2.12647381949069e-241	2.18481682128591e-232	1.64267160480885e-224	7.04082693833743e-218	1.48943477635228e-212	1.48910451907986e-208	6.96223656243214e-206	1.51856558268112e-204	1.54432314330136e-204	7.32163046583089e-206	1.61819170649917e-208	1.66725430215542e-212	8.00797650382682e-218	1.79305105398481e-224	1.87159298835671e-232	9.10707775755973e-242	2.06583465835567e-252	2.18454478711972e-264	1.07689962473446e-277	2.47479014115481e-292	2.65124832916518e-308	0	0	0	0	0	0	0	0	0	0	0	0	0	0	0	0	0	0	0	0	0	0	0	0	0	0	0	0	0	0	0	0	0	0	0	0	0	0	0	0	0	0	0	0	0	0	0	0	0	0
1.46969696969697	1.46969696969697	0	0	0	0	0	0	0	0	0	0	0	0	0	0	0	0	0	0	0	0	0	0	0	0	3.50785542204018e-311	6.48648767219208e-298	6.15610760951373e-286	5.72961281837019e-275	6.03827581319197e-264	8.83019971587493e-254	1.00873074281031e-244	8.04890777982109e-237	3.51401367160431e-230	7.46739402364459e-225	7.4735715464682e-221	3.49506830153414e-218	7.6236694410987e-217	7.75307612077297e-217	3.67574090869781e-218	8.12395172087845e-221	8.37026624343187e-225	4.02031636825203e-230	9.00181531723426e-237	9.39612646350285e-245	4.57210808590591e-254	1.03712953791324e-264	1.09672665065295e-276	5.40645596049771e-290	1.24244113400451e-304	1.33842383458394e-320	0	0	0	0	0	0	0	0	0	0	0	0	0	0	0	0	0	0	0	0	0	0	0	0	0	0	0	0	0	0	0	0	0	0	0	0	0	0	0	0	0	0	0	0	0	0	0	0	0	0
1.5	1.5	0	0	0	0	0	0	0	0	0	0	0	0	0	0	0	0	0	0	0	0	0	0	0	0	0	3.52433208637324e-311	3.49788453793173e-299	5.94786682911243e-288	1.01320619308026e-276	1.63835856517175e-266	2.06986304840167e-257	1.73385555329927e-249	7.67671231680044e-243	1.63686104121413e-237	1.63949364531944e-233	7.66857016819227e-231	1.67278577723297e-229	1.70119580143572e-229	8.06540259839657e-231	1.78257864053622e-233	1.8366258117895e-237	8.82148402322477e-243	1.97520202808176e-249	2.06172282102315e-257	1.00322400089071e-266	2.27569695419529e-277	2.40646650902859e-289	1.18629880962347e-302	2.72620334499048e-317	0	0	0	0	0	0	0	0	0	0	0	0	0	0	0	0	0	0	0	0	0	0	0	0	0	0	0	0	0	0	0	0	0	0	0	0	0	0	0	0	0	0	0	0	0	0	0	0	0	0	0
