"x"	"y"	"z.1"	"z.2"	"z.3"	"z.4"	"z.5"	"z.6"	"z.7"	"z.8"	"z.9"	"z.10"	"z.11"	"z.12"	"z.13"	"z.14"	"z.15"	"z.16"	"z.17"	"z.18"	"z.19"	"z.20"	"z.21"	"z.22"	"z.23"	"z.24"	"z.25"	"z.26"	"z.27"	"z.28"	"z.29"	"z.30"	"z.31"	"z.32"	"z.33"	"z.34"	"z.35"	"z.36"	"z.37"	"z.38"	"z.39"	"z.40"	"z.41"	"z.42"	"z.43"	"z.44"	"z.45"	"z.46"	"z.47"	"z.48"	"z.49"	"z.50"	"z.51"	"z.52"	"z.53"	"z.54"	"z.55"	"z.56"	"z.57"	"z.58"	"z.59"	"z.60"	"z.61"	"z.62"	"z.63"	"z.64"	"z.65"	"z.66"	"z.67"	"z.68"	"z.69"	"z.70"	"z.71"	"z.72"	"z.73"	"z.74"	"z.75"	"z.76"	"z.77"	"z.78"	"z.79"	"z.80"	"z.81"	"z.82"	"z.83"	"z.84"	"z.85"	"z.86"	"z.87"	"z.88"	"z.89"	"z.90"	"z.91"	"z.92"	"z.93"	"z.94"	"z.95"	"z.96"	"z.97"	"z.98"	"z.99"	"z.100"
-1.5	-1.5	0	0	0	0	0	0	0	0	0	0	0	0	0	0	0	0	0	0	0	0	0	0	0	0	0	0	0	0	0	0	0	0	0	0	0	0	0	0	0	0	0	0	0	0	0	0	0	0	0	0	0	0	0	0	0	0	0	0	0	0	0	0	0	0	0	0	0	0	0	0	0	0	0	0	0	0	0	0	0	0	0	0	0	0	0	0	0	0	0	0	0	0	0	0	0	0	0	0	0	0
-1.46969696969697	-1.46969696969697	0	0	0	0	0	0	0	0	0	0	0	0	0	0	0	0	0	0	0	0	0	0	0	0	0	0	0	0	0	0	0	0	0	0	0	0	0	0	0	0	0	0	0	0	0	0	0	0	0	0	0	0	0	0	0	0	0	0	0	0	0	0	0	0	0	0	0	0	0	0	0	0	0	0	0	0	0	0	0	0	0	0	0	0	0	0	0	0	0	0	0	0	0	0	0	0	0	0	0	0
-1.43939393939394	-1.43939393939394	0	0	0	0	0	0	0	0	0	0	0	0	0	0	0	0	0	0	0	0	0	0	0	0	0	0	0	0	0	0	0	0	0	0	0	0	0	0	0	0	0	0	0	0	0	0	0	0	0	0	0	0	0	0	0	0	0	0	0	0	0	0	0	0	0	0	0	0	0	0	0	0	0	0	0	0	0	0	0	0	0	0	0	0	0	0	0	0	0	0	0	0	0	0	0	0	0	0	0	0
-1.40909090909091	-1.40909090909091	0	0	0	0	0	0	0	0	0	0	0	0	0	0	0	0	0	0	0	0	0	0	0	0	0	0	0	0	0	0	0	0	0	0	0	0	0	0	0	0	0	0	0	0	0	0	0	0	0	0	0	0	0	0	0	0	0	0	0	0	0	0	0	0	0	0	0	0	0	0	0	0	0	0	0	0	0	0	0	0	0	0	0	0	0	0	0	0	0	0	0	0	0	0	0	0	0	0	0	0
-1.37878787878788	-1.37878787878788	0	0	0	0	0	0	0	0	0	0	0	0	0	0	0	0	0	0	0	0	0	0	0	0	0	0	0	0	0	0	0	0	0	0	0	0	0	0	0	0	0	0	0	0	0	0	0	0	0	0	0	0	0	0	0	0	0	0	0	0	0	0	0	0	0	0	0	0	0	0	0	0	0	0	0	0	0	0	0	0	0	0	0	0	0	0	0	0	0	0	0	0	0	0	0	0	0	0	0	0
-1.34848484848485	-1.34848484848485	0	0	0	0	0	0	0	0	0	0	0	0	0	0	0	0	0	0	0	0	0	0	0	0	0	0	0	0	0	0	0	0	0	0	0	0	0	0	0	0	0	0	0	0	0	0	0	0	0	0	0	0	0	0	0	0	0	0	0	0	0	0	0	0	0	0	0	0	0	0	0	0	0	0	0	0	0	0	0	0	0	0	0	0	0	0	0	0	0	0	0	0	0	0	0	0	0	0	0	0
-1.31818181818182	-1.31818181818182	0	0	0	0	0	0	0	0	0	0	0	0	0	0	0	0	0	0	0	0	0	0	0	0	0	0	0	0	0	0	0	0	0	0	0	0	0	0	0	0	0	0	0	0	0	0	0	0	0	0	0	0	0	0	0	0	0	0	0	0	0	0	0	0	0	0	0	0	0	0	0	0	0	0	0	0	0	0	0	0	0	0	0	0	0	0	0	0	0	0	0	0	0	0	0	0	0	0	0	0
-1.28787878787879	-1.28787878787879	0	0	0	0	0	0	0	0	0	0	0	0	0	0	0	0	0	0	0	0	0	0	0	0	0	0	0	0	0	0	0	0	0	0	0	0	0	0	0	0	0	0	0	0	0	0	0	0	0	0	0	0	0	0	0	0	0	0	0	0	0	0	0	0	0	0	0	0	0	0	0	0	0	0	0	0	0	0	0	0	0	0	0	0	0	0	0	0	0	0	0	0	0	0	0	0	0	0	0	0
-1.25757575757576	-1.25757575757576	0	0	0	0	0	0	0	0	0	0	0	0	0	0	0	0	0	0	0	0	0	0	0	0	0	0	0	0	0	0	0	0	0	0	0	0	0	0	0	0	0	0	0	0	0	0	0	0	0	0	0	0	0	0	0	0	0	0	0	0	0	0	0	0	0	0	0	0	0	0	0	0	0	0	0	0	0	0	0	0	0	0	0	0	0	0	0	0	0	0	0	0	0	0	0	0	0	0	0	0
-1.22727272727273	-1.22727272727273	0	0	0	0	0	0	0	0	0	0	0	0	0	0	0	0	0	0	0	0	0	0	0	0	0	0	0	0	0	0	0	0	0	0	0	0	0	0	0	0	0	0	0	0	0	0	0	0	0	0	0	0	0	0	0	0	0	0	0	0	0	0	0	0	0	0	0	0	0	0	0	0	0	0	0	0	0	0	0	0	0	0	0	0	0	0	0	0	0	0	0	0	0	0	0	0	0	0	0	0
-1.1969696969697	-1.1969696969697	0	0	0	0	0	0	0	0	0	0	0	0	0	0	0	0	0	0	0	0	0	0	0	0	0	0	0	0	0	0	0	0	0	0	0	0	0	0	0	0	0	0	0	0	0	0	0	0	0	0	0	0	0	0	0	0	0	0	0	0	0	0	0	0	0	0	0	0	0	0	0	0	0	0	0	0	0	0	0	0	0	0	0	0	0	0	0	0	0	0	0	0	0	0	0	0	0	0	0	0
-1.16666666666667	-1.16666666666667	0	0	0	0	0	0	0	0	0	0	0	0	0	0	0	0	0	0	0	0	0	0	0	0	0	0	0	0	0	0	0	0	0	0	0	0	0	0	0	0	0	0	0	0	0	0	0	0	0	0	0	0	0	0	0	0	0	0	0	0	0	0	0	0	0	0	0	0	0	0	0	0	0	0	0	0	0	0	0	0	0	0	0	0	0	0	0	0	0	0	0	0	0	0	0	0	0	0	0	0
-1.13636363636364	-1.13636363636364	0	0	0	0	0	0	0	0	0	0	0	0	0	0	0	0	0	0	0	0	0	0	0	0	0	0	0	0	0	0	0	0	0	0	0	0	0	0	0	0	0	0	0	0	0	0	0	0	0	0	0	0	0	0	0	0	0	0	0	0	0	0	0	0	0	0	0	0	0	0	0	0	0	0	0	0	0	0	0	0	0	0	0	0	0	0	0	0	0	0	0	0	0	0	0	0	0	0	0	0
-1.10606060606061	-1.10606060606061	0	0	0	0	0	0	0	0	0	0	0	0	0	0	0	0	0	0	0	0	0	0	0	0	0	0	0	0	0	0	0	0	0	0	0	0	0	0	0	0	0	0	0	0	0	0	0	0	0	0	0	0	0	0	0	0	0	0	0	0	0	0	0	0	0	0	0	0	0	0	0	0	0	0	0	0	0	0	0	0	0	0	0	0	0	0	0	0	0	0	0	0	0	0	0	0	0	0	0	0
-1.07575757575758	-1.07575757575758	0	0	0	0	0	0	0	0	0	0	0	0	0	0	0	0	0	0	0	0	0	0	0	0	0	0	0	0	0	0	0	0	0	0	0	0	0	0	0	0	0	0	0	0	0	0	0	0	0	0	0	0	0	0	0	0	0	0	0	0	0	0	0	0	0	0	0	0	0	0	0	0	0	0	0	0	0	0	0	0	0	0	0	0	0	0	0	0	0	0	0	0	0	0	0	0	0	0	0	0
-1.04545454545455	-1.04545454545455	0	0	0	0	0	0	0	0	0	0	0	0	0	0	0	0	0	0	0	0	0	0	0	0	0	0	0	0	0	0	0	0	0	1.62844036869275e-319	2.56268940451201e-316	1.88014396668901e-314	6.43035867996925e-314	1.02524676879427e-314	7.62028670529772e-317	2.65263845252165e-320	0	0	0	0	0	0	0	0	0	0	0	0	0	0	0	0	0	0	0	0	0	0	0	0	0	0	0	0	0	0	0	0	0	0	0	0	0	0	0	0	0	0	0	0	0	0	0	0	0	0	0	0	0	0	0	0	0	0	0	0
-1.01515151515152	-1.01515151515152	0	0	0	0	0	0	0	0	0	0	0	0	0	0	0	0	0	0	0	0	0	0	0	0	0	0	0	0	0	0	4.10074486048235e-322	4.73851848647062e-315	3.43155373957229e-309	1.15847849851943e-304	1.823199244583e-301	1.33760940654544e-299	4.57481556672491e-299	7.29402179483378e-300	5.42138005027656e-302	1.87846099886289e-305	3.03420093293837e-310	2.28473918863875e-316	0	0	0	0	0	0	0	0	0	0	0	0	0	0	0	0	0	0	0	0	0	0	0	0	0	0	0	0	0	0	0	0	0	0	0	0	0	0	0	0	0	0	0	0	0	0	0	0	0	0	0	0	0	0	0	0	0	0
-0.984848484848485	-0.984848484848485	0	0	0	0	0	0	0	0	0	0	0	0	0	0	0	0	0	0	0	0	0	0	0	0	0	0	0	0	0	2.84625951829357e-316	9.48473418155512e-308	1.47341299950892e-300	1.06702052922908e-294	3.60221829393575e-290	5.66912844170181e-287	4.15921762315186e-285	1.42251272818075e-284	2.26803616713255e-285	1.68575042118545e-287	5.84098830722838e-291	9.43473161186779e-296	7.10433593277722e-302	2.49384226616899e-309	4.08085377758078e-318	0	0	0	0	0	0	0	0	0	0	0	0	0	0	0	0	0	0	0	0	0	0	0	0	0	0	0	0	0	0	0	0	0	0	0	0	0	0	0	0	0	0	0	0	0	0	0	0	0	0	0	0	0	0	0	0
-0.954545454545455	-0.954545454545455	0	0	0	0	0	0	0	0	0	0	0	0	0	0	0	0	0	0	0	0	0	0	0	0	0	0	0	0	5.4113480677907e-312	3.86812618249383e-302	1.28899446450596e-293	2.00239815430853e-286	1.45010278903424e-280	4.89548976090065e-276	7.70446647926881e-273	5.65246837734599e-271	1.93322757625974e-270	3.08231674045513e-271	2.29097972244349e-273	7.93807666532645e-277	1.28221226694336e-281	9.65508119384976e-288	3.38925630139078e-295	5.54634636730671e-304	4.23122376162335e-314	0	0	0	0	0	0	0	0	0	0	0	0	0	0	0	0	0	0	0	0	0	0	0	0	0	0	0	0	0	0	0	0	0	0	0	0	0	0	0	0	0	0	0	0	0	0	0	0	0	0	0	0	0	0	0
-0.924242424242424	-0.924242424242424	0	0	0	0	0	0	0	0	0	0	0	0	0	0	0	0	0	0	0	0	0	0	0	0	0	0	2.8556994329624e-321	2.12443491621158e-309	3.21433771897397e-298	2.29757954671071e-288	7.65633558780396e-280	1.1893794019345e-272	8.61328591045315e-267	2.90781227504016e-262	4.57628429570259e-259	3.3574447046036e-257	1.14829677358367e-256	1.83083438046032e-257	1.36079891313666e-259	4.71508277938881e-263	7.61615683229851e-268	5.73501634375482e-274	2.01320113457875e-281	3.29454596769465e-290	2.51340816999886e-300	8.93910580095133e-312	0	0	0	0	0	0	0	0	0	0	0	0	0	0	0	0	0	0	0	0	0	0	0	0	0	0	0	0	0	0	0	0	0	0	0	0	0	0	0	0	0	0	0	0	0	0	0	0	0	0	0	0	0	0
-0.893939393939394	-0.893939393939394	0	0	0	0	0	0	0	0	0	0	0	0	0	0	0	0	0	0	0	0	0	0	0	0	0	7.57481685577966e-319	2.22044716150627e-307	5.70181246181864e-296	8.34569845810322e-285	5.96464575708282e-275	1.98762707376302e-266	3.08769537218815e-259	2.23605782642703e-253	7.5488487809471e-249	1.18803062559265e-245	8.71613430023975e-244	2.9810535371538e-243	4.75297510949241e-244	3.53273991404802e-246	1.22407722016073e-249	1.97723347648358e-254	1.4888826759216e-260	5.22658961228488e-268	8.55331867525067e-277	6.52549511993193e-287	2.32092434391095e-298	3.84845203574256e-311	0	0	0	0	0	0	0	0	0	0	0	0	0	0	0	0	0	0	0	0	0	0	0	0	0	0	0	0	0	0	0	0	0	0	0	0	0	0	0	0	0	0	0	0	0	0	0	0	0	0	0	0	0
-0.863636363636364	-0.863636363636364	0	0	0	0	0	0	0	0	0	0	0	0	0	0	0	0	0	0	0	0	0	0	0	0	5.23299510105673e-318	3.04319653415195e-305	8.44402610277545e-294	7.21927437912804e-283	9.47378352079519e-272	6.76773501544453e-262	2.25524069948547e-253	3.50342290045652e-246	2.53712186154365e-240	8.56523498704793e-236	1.34798968589181e-232	9.88970623426576e-231	3.38243954676093e-230	5.39295692412421e-231	4.00843396424274e-233	1.38891057269194e-236	2.24350426238092e-241	1.68940764734832e-247	5.93061419612985e-255	9.70569159931799e-264	7.40492391940745e-274	2.63384532974577e-285	4.36764606309758e-298	3.37683158873861e-312	0	0	0	0	0	0	0	0	0	0	0	0	0	0	0	0	0	0	0	0	0	0	0	0	0	0	0	0	0	0	0	0	0	0	0	0	0	0	0	0	0	0	0	0	0	0	0	0	0	0	0	0
-0.833333333333333	-0.833333333333333	0	0	0	0	0	0	0	0	0	0	0	0	0	0	0	0	0	0	0	0	0	0	0	7.39522399351636e-319	9.202310230978e-305	5.34734709695211e-292	1.45941898369835e-280	4.89659552178702e-270	4.70590168647983e-259	3.35620181482357e-249	1.11839439359766e-240	1.73737993410814e-233	1.25818297928089e-227	4.24758531132479e-223	6.68482286472281e-220	4.90441779754076e-218	1.67739434525604e-217	2.6744447002226e-218	1.98785011183575e-220	6.88789337514836e-224	1.1126119239358e-228	8.37834123352567e-235	2.94125770491509e-242	4.81364556452281e-251	3.6727283833617e-261	1.30643645369801e-272	2.16664929199913e-285	1.67537893497909e-299	6.04081026777698e-315	0	0	0	0	0	0	0	0	0	0	0	0	0	0	0	0	0	0	0	0	0	0	0	0	0	0	0	0	0	0	0	0	0	0	0	0	0	0	0	0	0	0	0	0	0	0	0	0	0	0	0
-0.803030303030303	-0.803030303030303	0	0	0	0	0	0	0	0	0	0	0	0	0	0	0	0	0	0	0	0	0	0	2.04049111732435e-321	5.69436636952113e-306	7.0770116048849e-292	4.10854247741039e-279	1.11549872611891e-267	2.07182064568958e-257	1.02593413547277e-246	7.27451234568931e-237	2.42404790776527e-228	3.76566086967184e-221	2.72703388757808e-215	9.20638876192059e-211	1.44889790844692e-207	1.06300750160008e-205	3.63567852618949e-205	5.79676901790066e-206	4.30862810467241e-208	1.49295301340039e-211	2.41162475342507e-216	1.81607253425689e-222	6.37560550262934e-230	1.04347392996053e-238	7.96203372451122e-249	2.83245883263341e-260	4.6980972215788e-273	3.63354419374291e-287	1.31049117785945e-302	2.20387862640405e-319	0	0	0	0	0	0	0	0	0	0	0	0	0	0	0	0	0	0	0	0	0	0	0	0	0	0	0	0	0	0	0	0	0	0	0	0	0	0	0	0	0	0	0	0	0	0	0	0	0	0
-0.772727272727273	-0.772727272727273	0	0	0	0	0	0	0	0	0	0	0	0	0	0	0	0	0	0	0	0	0	0	7.23383324559103e-309	1.91850678486949e-293	2.38047686129827e-279	1.38040839551158e-266	3.74010795307997e-255	5.35363440286841e-245	9.91867708275087e-235	6.89173663217815e-225	2.29631607567364e-216	3.56723599581493e-209	2.58334023442304e-203	8.72129580690706e-199	1.37255706786728e-195	1.00700188642942e-193	3.44414443653797e-193	5.49142007059347e-194	4.08170602604693e-196	1.41434287245198e-199	2.28468735499408e-204	1.72053105237942e-210	6.04043959173753e-218	9.88677074560022e-227	7.54456419652964e-237	2.68427942556767e-248	4.45311811590791e-261	3.44497141850019e-275	1.2429468425038e-290	2.09195508054627e-307	0	0	0	0	0	0	0	0	0	0	0	0	0	0	0	0	0	0	0	0	0	0	0	0	0	0	0	0	0	0	0	0	0	0	0	0	0	0	0	0	0	0	0	0	0	0	0	0	0	0
-0.742424242424242	-0.742424242424242	0	0	0	0	0	0	0	0	0	0	0	0	0	0	0	0	0	0	0	0	0	1.89718110730208e-313	1.06960626468484e-296	2.82869061644114e-281	3.50279928091236e-267	2.02837191143738e-254	5.48831676091267e-243	7.19161326067022e-233	4.39985234098843e-223	2.8542080995512e-213	9.507507724649e-205	1.47695341654671e-197	1.06958954995692e-191	3.61091623074762e-187	5.68287420486302e-184	4.16936298466707e-182	1.42601262807732e-181	2.27368573972961e-182	1.69002424165107e-184	5.85617164522189e-188	9.46013386308241e-193	7.12442053984002e-199	2.50137906916817e-206	4.09449253812933e-215	3.1248555296751e-225	1.1119777699888e-236	1.84517521500179e-249	1.42794288125614e-263	5.15462459636436e-279	8.68186720908097e-296	6.82537928963908e-314	0	0	0	0	0	0	0	0	0	0	0	0	0	0	0	0	0	0	0	0	0	0	0	0	0	0	0	0	0	0	0	0	0	0	0	0	0	0	0	0	0	0	0	0	0	0	0	0	0
-0.712121212121212	-0.712121212121212	0	0	0	0	0	0	0	0	0	0	0	0	0	0	0	0	0	0	0	0	1.0366485381041e-319	1.23477316356357e-301	6.92779100619507e-285	1.82575441508249e-269	2.25526421720561e-255	1.30368609820526e-242	3.52281944339983e-231	4.49283386246308e-221	9.8415598563306e-212	5.17009226622171e-202	1.7204703939426e-193	2.67267526290555e-186	1.93551853107744e-180	6.53429510527054e-176	1.02837388006556e-172	7.54492819437087e-171	2.5805499300844e-170	4.11456937192859e-171	3.05839945964746e-173	1.05980430186114e-176	1.71208184996139e-181	1.2894337491429e-187	4.52752864038472e-195	7.41188045818593e-204	5.65751544190889e-214	2.01367572758838e-225	3.34250599217203e-238	2.58791097554591e-252	9.34823815647461e-268	1.57604884412636e-284	1.24077275982408e-302	4.10074486048235e-322	0	0	0	0	0	0	0	0	0	0	0	0	0	0	0	0	0	0	0	0	0	0	0	0	0	0	0	0	0	0	0	0	0	0	0	0	0	0	0	0	0	0	0	0	0	0	0	0
-0.681818181818182	-0.681818181818182	0	0	0	0	0	0	0	0	0	0	0	0	0	0	0	0	0	0	0	0	2.98369446867553e-308	3.52565709706115e-290	1.96650613084291e-273	5.16050753126841e-258	6.35513971688492e-244	3.66577135844604e-231	9.89038992541065e-220	1.25059271852601e-209	1.30522960545972e-200	4.10350961723172e-191	1.36074383672629e-182	2.11383069388137e-175	1.53081385275174e-169	5.16803373972782e-165	8.13354498075547e-162	5.96742803539647e-160	2.04102838526137e-159	3.25437783169547e-160	2.41906562140591e-162	8.38288281970761e-166	1.35429387643199e-170	1.02004037050283e-176	3.58197765474253e-184	5.8647944945825e-193	4.47755464255763e-203	1.59417471182415e-214	2.64733070955149e-227	2.0509686312728e-241	7.41538700521349e-257	1.2518165130977e-273	9.87360131257643e-292	3.64213719603967e-311	0	0	0	0	0	0	0	0	0	0	0	0	0	0	0	0	0	0	0	0	0	0	0	0	0	0	0	0	0	0	0	0	0	0	0	0	0	0	0	0	0	0	0	0	0	0	0	0
-0.651515151515151	-0.651515151515151	0	0	0	0	0	0	0	0	0	0	0	0	0	0	0	0	0	0	0	1.53287695631002e-316	3.77567663936369e-297	4.41970140385256e-279	2.4478180769677e-262	6.39037215461326e-247	7.84039203978853e-233	4.51050162394677e-220	1.21466446773027e-208	1.53060373564152e-198	1.09690339332238e-189	1.43620328944394e-180	4.70397661736284e-172	7.30699935538592e-165	5.29166823508915e-159	1.78647788973576e-154	2.81161073468344e-151	2.06284633155884e-149	7.05561795035332e-149	1.12502751905653e-149	8.36288433697219e-152	2.89815127511624e-155	4.68239872619828e-160	3.52706221315166e-166	1.23873080362331e-173	2.02857574330887e-182	1.54917804284124e-192	5.51788542793226e-204	9.16852587632423e-217	7.10914342000878e-231	2.57347455335564e-246	4.35194648006926e-263	3.44111209253233e-281	1.2738315090692e-300	2.04049111732435e-321	0	0	0	0	0	0	0	0	0	0	0	0	0	0	0	0	0	0	0	0	0	0	0	0	0	0	0	0	0	0	0	0	0	0	0	0	0	0	0	0	0	0	0	0	0	0	0
-0.621212121212121	-0.621212121212121	0	0	0	0	0	0	0	0	0	0	0	0	0	0	0	0	0	0	0	8.65667168562021e-306	2.10282512833001e-286	2.43452948531779e-268	1.33703419727494e-251	3.46873171192546e-236	4.23647042639587e-222	2.42925989133882e-209	6.52679900046033e-198	8.20614384565576e-188	5.11801241854442e-179	2.26475829781682e-170	7.10807502417763e-162	1.10395974077894e-154	7.99481503505545e-149	2.69908311587647e-144	4.24793501201019e-141	3.11670305365205e-139	1.06603661055954e-138	1.69985759482434e-139	1.26363993432677e-141	4.37939543909532e-145	7.07618117574317e-150	5.33086722695622e-156	1.87257881580602e-163	3.06738172799496e-172	2.34337549181991e-182	8.35122104234779e-194	1.38873124474164e-206	1.07802109659797e-220	3.90872240235828e-236	6.62530484781213e-253	5.25596080105446e-271	1.95470380878978e-290	3.41546941857159e-311	0	0	0	0	0	0	0	0	0	0	0	0	0	0	0	0	0	0	0	0	0	0	0	0	0	0	0	0	0	0	0	0	0	0	0	0	0	0	0	0	0	0	0	0	0	0	0
-0.590909090909091	-0.590909090909091	0	0	0	0	0	0	0	0	0	0	0	0	0	0	0	0	0	0	4.33173260511489e-316	2.15760349532294e-295	5.15981562930644e-276	5.89815022808183e-258	3.207198808049e-241	8.25836014374464e-226	1.00305957364524e-211	5.72877361557386e-199	1.53479619034974e-187	1.92549528370141e-177	1.14919176753121e-168	1.7177323419584e-160	4.69648263619998e-152	7.28976637435855e-145	5.27922752567837e-139	1.78230483214077e-134	2.80510455172387e-131	2.05813817397589e-129	7.03983825800116e-129	1.12258619771231e-129	8.34554175324877e-132	2.89254518535813e-135	4.67428628097981e-140	3.52198196935914e-146	1.23747039802812e-153	2.02775266994658e-162	1.54991976791363e-172	5.52757837886456e-184	9.20153742821184e-197	7.1536224333951e-211	2.59939737507804e-226	4.41956473698693e-243	3.52136400975264e-261	1.31756174896325e-280	2.32143631558409e-301	0	0	0	0	0	0	0	0	0	0	0	0	0	0	0	0	0	0	0	0	0	0	0	0	0	0	0	0	0	0	0	0	0	0	0	0	0	0	0	0	0	0	0	0	0	0	0
-0.560606060606061	-0.560606060606061	0	0	0	0	0	0	0	0	0	0	0	0	0	0	0	0	0	0	4.86305050389702e-306	2.37564558853676e-285	5.5840252346102e-266	6.29124298205219e-248	3.38152585639288e-231	8.62991644985649e-216	1.04122811017274e-201	5.91789826194819e-189	1.57993133517552e-177	1.97711215573295e-167	1.16348673231349e-158	7.23343579636586e-151	1.35833581464495e-142	2.10388776903224e-135	1.52362904252764e-129	5.14394016287263e-125	8.09599683485227e-122	5.94027369497906e-120	2.03193604024427e-119	3.24033108839267e-120	2.40910964458095e-122	8.35081773969217e-126	1.34968345205829e-130	1.01718927919043e-136	3.57512475301235e-144	5.86105936643578e-153	4.4829696104948e-163	1.60035756415314e-174	2.66780393506946e-187	2.07823561370437e-201	7.57334934465479e-217	1.29287688973371e-233	1.03598755429167e-251	3.90674910815621e-271	6.95663986363177e-292	5.87339789935561e-314	0	0	0	0	0	0	0	0	0	0	0	0	0	0	0	0	0	0	0	0	0	0	0	0	0	0	0	0	0	0	0	0	0	0	0	0	0	0	0	0	0	0	0	0	0	0
-0.53030303030303	-0.53030303030303	0	0	0	0	0	0	0	0	0	0	0	0	0	0	0	0	0	2.43406381080149e-318	2.41567891988252e-296	1.15644633935416e-275	2.66798197730249e-256	2.95757404139083e-238	1.56864393656727e-221	3.96154252353196e-206	4.74180626085745e-192	2.67920718339434e-179	7.12231801048613e-168	8.88551087930044e-158	5.19938883733243e-149	1.93181747847008e-141	1.72640789478478e-133	2.65391733794125e-126	1.92192326531174e-120	6.48872678965261e-116	1.02127760292693e-112	7.49366490613974e-111	2.56341314541029e-110	4.08816128773987e-111	3.03975596280789e-113	1.05383870452914e-116	1.70360220440754e-121	1.28430987458298e-127	4.51595550419535e-135	7.40814342974818e-144	5.6714621594134e-154	2.02728834373994e-165	3.38585223851707e-178	2.64467197340957e-192	9.67412971670108e-208	1.66031635696203e-224	1.34024463317409e-242	5.10487567971367e-262	9.21120100256251e-283	7.909835149749e-305	0	0	0	0	0	0	0	0	0	0	0	0	0	0	0	0	0	0	0	0	0	0	0	0	0	0	0	0	0	0	0	0	0	0	0	0	0	0	0	0	0	0	0	0	0	0
-0.5	-0.5	0	0	0	0	0	0	0	0	0	0	0	0	0	0	0	0	0	5.45856241919302e-309	5.31004804039466e-287	2.49030192858735e-266	5.63291507857746e-247	6.13435992220312e-229	3.20486580447784e-212	7.99584015504046e-197	9.48083496310948e-183	5.31902793040552e-170	1.40666645755071e-158	1.74833589713716e-148	1.01931594594563e-139	3.06240119118856e-132	9.77255650222989e-125	1.46329650077757e-117	1.05960070565514e-111	3.57745921177448e-107	5.6308289039312e-104	4.13182659446032e-102	1.41349528297991e-101	2.25446878721026e-102	1.67653827209075e-104	5.81344558949322e-108	9.40048314227863e-113	7.08971629229070e-119	2.49438962643038e-126	4.09536357889199e-135	3.13912107579427e-145	1.12405720002836e-156	1.88202565297924e-169	1.47525723186577e-183	5.4233817257912e-199	9.37238460809923e-216	7.63722896744427e-234	2.94568591313853e-253	5.40192573653492e-274	4.73272689518365e-296	1.99167743151523e-319	0	0	0	0	0	0	0	0	0	0	0	0	0	0	0	0	0	0	0	0	0	0	0	0	0	0	0	0	0	0	0	0	0	0	0	0	0	0	0	0	0	0	0	0	0
-0.46969696969697	-0.46969696969697	0	0	0	0	0	0	0	0	0	0	0	0	0	0	0	0	0	5.41089019275604e-300	5.16416308199824e-278	2.37296927741204e-257	5.25912433652596e-238	5.61907332034921e-220	2.88688490520768e-203	7.10293880973996e-188	8.32959926376145e-174	4.63385312729878e-161	1.2177978563344e-149	1.50669329594809e-139	8.75319568041249e-131	2.45031878371496e-123	2.5727573620129e-116	3.52729106160752e-109	2.55328910793948e-103	8.62073235418109e-99	1.35693713500275e-95	9.95761772546301e-94	3.40678967181837e-93	5.4343750204055e-94	4.04201200101858e-96	1.40194713752158e-99	2.26784219522135e-104	1.711312167842e-110	6.02569944249491e-118	9.90441734974821e-127	7.6041792590122e-137	2.72925473150579e-148	4.58477216557528e-161	3.61063247261957e-175	1.33598560880591e-190	2.32936265612304e-207	1.9208075108055e-225	7.52384015496047e-245	1.40663848533043e-265	1.26104160806799e-287	5.44121415284126e-311	0	0	0	0	0	0	0	0	0	0	0	0	0	0	0	0	0	0	0	0	0	0	0	0	0	0	0	0	0	0	0	0	0	0	0	0	0	0	0	0	0	0	0	0	0
-0.439393939393939	-0.439393939393939	0	0	0	0	0	0	0	0	0	0	0	0	0	0	0	0	1.20881929969681e-314	2.36877810777223e-291	2.22092359193592e-269	1.00056747007976e-248	2.17237434167578e-229	2.27505316117018e-211	1.14771119320723e-194	2.77997684730925e-179	3.21874311608771e-165	1.7728718526228e-152	4.62425627627645e-141	5.68963523618911e-131	3.29194441925252e-122	9.00601100575653e-115	3.52559957053293e-108	3.71970802627971e-101	2.68913714637777e-95	9.07969935077801e-91	1.42925969937066e-87	1.0489186609775e-85	3.58907279527326e-85	5.72611085531601e-86	4.26003956308867e-88	1.47808954619847e-91	2.39223050957002e-96	1.80650152607333e-102	6.36759871061803e-110	1.04822948836725e-118	8.06533908091418e-129	2.90372428545193e-140	4.89915775611003e-153	3.88175225427319e-167	1.44835556505358e-182	2.55383373286073e-199	2.13709544676925e-217	8.5276021495862e-237	1.63025412219454e-257	1.49910808578718e-279	6.6466069566058e-303	0	0	0	0	0	0	0	0	0	0	0	0	0	0	0	0	0	0	0	0	0	0	0	0	0	0	0	0	0	0	0	0	0	0	0	0	0	0	0	0	0	0	0	0	0
-0.409090909090909	-0.409090909090909	0	0	0	0	0	0	0	0	0	0	0	0	0	0	0	0	2.36618819840622e-306	4.57528667586089e-283	4.2207062337491e-261	1.86631508382078e-240	3.97085964690987e-221	4.07410742625442e-203	2.01572123946258e-186	4.79880201866819e-171	5.4761423825184e-157	2.98140906042006e-144	7.70731196921058e-133	9.41985818958516e-123	5.42355158357111e-114	1.47012348313769e-106	2.95988831882212e-100	1.72017532073038e-93	1.2379086450717e-87	4.17985702819755e-83	6.58011557697148e-80	4.82960040001309e-78	1.65279769096748e-77	2.63751913331937e-78	1.96287128843844e-80	6.81372398437399e-84	1.10352828653453e-88	8.34153654869782e-95	2.94440321295965e-102	4.85687282458573e-111	3.74778304223771e-121	1.35480350058089e-132	2.29888595279899e-145	1.8358478235879e-159	6.92304580277642e-175	1.23789911542554e-191	1.05445902278133e-209	4.29940272652238e-229	8.42633099721542e-250	7.96015149300702e-272	3.62709661783063e-295	7.9584094232108e-320	0	0	0	0	0	0	0	0	0	0	0	0	0	0	0	0	0	0	0	0	0	0	0	0	0	0	0	0	0	0	0	0	0	0	0	0	0	0	0	0	0	0	0	0
-0.378787878787879	-0.378787878787879	0	0	0	0	0	0	0	0	0	0	0	0	0	0	0	0	2.03782061629572e-298	3.89488669727335e-275	3.54129912507879e-253	1.53907565427145e-232	3.21158134411254e-213	3.22818579781055e-195	1.56518755141565e-178	3.65723394391358e-163	4.10627630582364e-149	2.20595562752145e-136	5.64305447004056e-125	6.84206777752621e-115	3.91613989565908e-106	1.05527693176481e-98	1.55433929780437e-92	3.51768086728835e-86	2.4908412719166e-80	8.41047596507828e-76	1.32414691094e-72	9.72024227892166e-71	3.32718612558214e-70	5.31111054121437e-71	3.95432842182598e-73	1.37354024850604e-76	2.22657806161645e-81	1.68528004016332e-87	5.95994393786213e-95	9.85755380985106e-104	7.6355462030001e-114	2.77498317487017e-125	4.74360685697181e-138	3.82632984901979e-152	1.46220125192238e-167	2.65934872222965e-184	2.31300212195118e-202	9.66289036089689e-222	1.94499158348356e-242	1.88843476388757e-264	8.83435807873203e-288	1.98515428987315e-312	0	0	0	0	0	0	0	0	0	0	0	0	0	0	0	0	0	0	0	0	0	0	0	0	0	0	0	0	0	0	0	0	0	0	0	0	0	0	0	0	0	0	0	0
-0.348484848484848	-0.348484848484848	0	0	0	0	0	0	0	0	0	0	0	0	0	0	0	1.92572529026248e-315	7.71418727621489e-291	1.45980703012182e-267	1.31046786717583e-245	5.60696313970543e-225	1.14885759222143e-205	1.13191325797154e-187	5.37635238131123e-171	1.23166472034277e-155	1.35850847193816e-141	7.18873099934107e-129	1.81665915892941e-117	2.18192665050722e-107	1.24001115089191e-98	3.3225734787119e-91	4.37772083374784e-85	3.27123003812676e-79	2.19100358110401e-73	7.39703855586684e-69	1.16474710129384e-65	8.55180129309568e-64	2.92806442450236e-63	4.67591552840088e-64	3.48345903749896e-66	1.21101442246336e-69	1.96552220055697e-74	1.49030454170024e-80	5.28365039034221e-88	8.77011780919953e-97	6.82726623636715e-107	2.4984971205269e-118	4.3115499805138e-131	3.52186992008099e-145	1.36787925241186e-160	2.53831904557694e-177	2.26064130947179e-195	9.69594009656093e-215	2.00586309225239e-235	2.00019575469107e-257	9.58761432537442e-281	2.19989344428133e-305	0	0	0	0	0	0	0	0	0	0	0	0	0	0	0	0	0	0	0	0	0	0	0	0	0	0	0	0	0	0	0	0	0	0	0	0	0	0	0	0	0	0	0	0
-0.318181818181818	-0.318181818181818	0	0	0	0	0	0	0	0	0	0	0	0	0	0	0	3.22157184489542e-308	1.28244636516682e-283	2.40646487835544e-260	2.13657159856324e-238	9.01523399704139e-218	1.81653312766841e-198	1.75593363443029e-180	8.17191243142331e-164	1.83428154612229e-148	1.9849247817998e-134	1.03287629587565e-121	2.57402721171877e-110	3.0575471822848e-100	1.72298714805124e-91	4.58714670336803e-84	5.82420850583654e-78	1.50108887176563e-72	8.42889744578539e-67	2.84371466328622e-62	4.47854345213581e-59	3.28909991250811e-57	1.12658872346288e-56	1.80007306503354e-57	1.34207993298105e-59	4.67102611149902e-63	7.59366791610716e-68	5.77117279761752e-74	2.05288815594484e-81	3.4234786016331e-90	2.68247280113496e-100	9.90457629096897e-112	1.72968734584141e-124	1.43493072043851e-138	5.68204933898972e-154	1.07895686571729e-170	9.86136674231229e-189	4.34674203555273e-208	9.23816477145961e-229	9.44431466324698e-251	4.62593040943207e-274	1.08048682096616e-298	0	0	0	0	0	0	0	0	0	0	0	0	0	0	0	0	0	0	0	0	0	0	0	0	0	0	0	0	0	0	0	0	0	0	0	0	0	0	0	0	0	0	0	0
-0.287878787878788	-0.287878787878788	0	0	0	0	0	0	0	0	0	0	0	0	0	0	0	2.36243986708002e-301	9.35567000136501e-277	1.74316750023082e-253	1.53314129442093e-231	6.39085793628693e-211	1.26847182120314e-191	1.20456985577256e-173	5.49633533194622e-157	1.20860057221189e-141	1.28192291758767e-127	6.54989122789099e-115	1.60689855030893e-103	1.88450331858623e-93	1.05140210527393e-84	2.77803170004892e-77	3.47524363717385e-71	3.98464416801656e-66	1.42032321369058e-60	4.77885669780443e-56	7.52790864111721e-53	5.53054774696469e-51	1.89530219700746e-50	3.03056364743579e-51	2.26189613503004e-53	7.88439651521653e-57	1.2845599312155e-61	9.79294066799912e-68	3.49875804770629e-75	5.87038769427975e-84	4.63848267234323e-94	1.7321047973678e-105	3.06978843475216e-118	2.59440645808242e-132	1.05054533092582e-147	2.04624166082973e-164	1.92174227190715e-182	8.70415131194774e-202	1.89753373206095e-222	1.98369294771824e-244	9.89843733822475e-268	2.34631935046245e-292	2.63037091386359e-318	0	0	0	0	0	0	0	0	0	0	0	0	0	0	0	0	0	0	0	0	0	0	0	0	0	0	0	0	0	0	0	0	0	0	0	0	0	0	0	0	0	0	0
-0.257575757575758	-0.257575757575758	0	0	0	0	0	0	0	0	0	0	0	0	0	0	8.97717278493545e-321	7.59023703659744e-295	2.99300355279999e-270	5.5438195017617e-247	4.83717313861288e-225	1.995335280852e-204	3.90798099894681e-185	3.65148941622744e-167	1.63532925353012e-150	3.5239444692155e-135	3.66182324258762e-121	1.83493257035831e-108	4.42444504496003e-97	5.11391221951126e-87	2.82013919201501e-78	7.38485550429306e-71	9.15260186625231e-65	6.77213957218314e-60	1.05386427837617e-54	3.5107846599708e-50	5.53190721662078e-47	4.06606800227741e-45	1.39438530534138e-44	2.23180766024709e-45	1.66810111814118e-47	5.82640209764878e-51	9.52012704674188e-56	7.28748051053006e-62	2.61855932506768e-69	4.42833151087053e-78	3.53653050229637e-88	1.33925682917924e-99	2.41618537964463e-112	2.0866667716781e-126	8.66254445508457e-142	1.73340108333934e-158	1.67303668058972e-176	7.77647599054067e-196	1.73477955146321e-216	1.84895519706005e-238	9.37000490335722e-262	2.24768713946116e-286	2.54245041713878e-312	0	0	0	0	0	0	0	0	0	0	0	0	0	0	0	0	0	0	0	0	0	0	0	0	0	0	0	0	0	0	0	0	0	0	0	0	0	0	0	0	0	0	0
-0.227272727272727	-0.227272727272727	0	0	0	0	0	0	0	0	0	0	0	0	0	0	1.27279548221658e-314	1.06803314149802e-288	4.19661072964102e-264	7.7352573768396e-241	6.70434769299574e-219	2.74096445826402e-198	5.3064682996403e-179	4.8868800136144e-161	2.15115455269995e-144	4.54631648474565e-129	4.62828731026158e-115	2.27273538043411e-102	5.37852982873607e-91	6.11647607536276e-81	3.32820045163237e-72	8.62393687726442e-65	1.05952447616773e-58	6.60666625223458e-54	3.50596827560266e-49	1.12769878974959e-44	1.77737819973816e-41	1.30723961011836e-39	4.48706637958018e-39	7.19134856224704e-40	5.38515376231846e-42	1.88602886045855e-45	3.09350091251495e-50	2.38073981872296e-56	8.61817986647012e-64	1.47218410151785e-72	1.19146365127257e-82	4.58950878983483e-94	8.45487564064593e-107	7.48165055808342e-121	3.18990744277686e-136	6.56043224756185e-153	6.50077354382968e-171	3.09403566138014e-190	7.04230959655648e-211	7.62860911372963e-233	3.91493279275399e-256	9.48041261470033e-281	1.07983645766e-306	0	0	0	0	0	0	0	0	0	0	0	0	0	0	0	0	0	0	0	0	0	0	0	0	0	0	0	0	0	0	0	0	0	0	0	0	0	0	0	0	0	0	0
-0.196969696969697	-0.196969696969697	0	0	0	0	0	0	0	0	0	0	0	0	0	0	7.85909900368041e-309	6.580363563233e-283	2.5779559269786e-258	4.73240802764094e-235	4.07887897986513e-213	1.65505868894113e-192	3.1724162908237e-173	2.88457757536332e-155	1.25006095515932e-138	2.59420066225658e-123	2.58865235925381e-109	1.24528015136147e-96	2.88930895119458e-85	3.2277264370335e-75	1.72995707907438e-66	4.4281663457502e-59	5.38792937960338e-53	3.16809231638903e-48	5.53470062576813e-44	1.584381195993e-39	2.49715665151512e-36	1.83818101141742e-34	6.31727193943983e-34	1.0142462006334e-34	7.6142025754336e-37	2.67623975828624e-40	4.41169574379789e-45	3.41892702201977e-51	1.24943450383851e-58	2.16143872354112e-67	1.77799281067073e-77	6.98818591137846e-89	1.31827497839179e-101	1.1976589639447e-115	5.24826698691641e-131	1.10853699847416e-147	1.12547119828467e-165	5.46953023916633e-185	1.26625102286424e-205	1.39000289732086e-227	7.20531238538786e-251	1.75780128470793e-275	2.01293609643011e-301	0	0	0	0	0	0	0	0	0	0	0	0	0	0	0	0	0	0	0	0	0	0	0	0	0	0	0	0	0	0	0	0	0	0	0	0	0	0	0	0	0	0	0
-0.166666666666667	-0.166666666666667	0	0	0	0	0	0	0	0	0	0	0	0	0	0	2.12463786776758e-303	1.77528389415742e-277	6.9368094426582e-253	1.26899719027118e-229	1.08863206911191e-207	4.38929596989398e-187	8.34232217733423e-168	7.5019928951299e-150	3.20613096784812e-133	6.54308064919376e-118	6.40576961137026e-104	3.0192871194749e-91	6.86378944378959e-80	7.52257487487012e-70	3.96468690375128e-61	1.00075934072312e-53	1.20415715349379e-47	6.91652133902836e-43	4.74617397967906e-39	9.74779214792556e-35	1.53444598651957e-31	1.1307812671629e-29	3.89253643575158e-29	6.26420405775728e-30	4.71839961211903e-32	1.66622628870059e-35	2.76471955695923e-40	2.16180813768151e-46	7.99528861469271e-54	1.40477089608993e-62	1.17817891687292e-72	4.7387436781174e-84	9.17410870379564e-97	8.56570823818191e-111	3.85613283046643e-126	8.35004583672381e-143	8.66262936986266e-161	4.28530317721427e-180	1.00606937643065e-200	1.11621359710932e-222	5.83194995708607e-246	1.43097161992255e-270	1.64549992734787e-296	0	0	0	0	0	0	0	0	0	0	0	0	0	0	0	0	0	0	0	0	0	0	0	0	0	0	0	0	0	0	0	0	0	0	0	0	0	0	0	0	0	0	0
-0.136363636363636	-0.136363636363636	0	0	0	0	0	0	0	0	0	0	0	0	0	0	2.51738987488753e-298	2.09844724476558e-272	8.17815472625364e-248	1.49135620214407e-224	1.2741737094329e-202	5.10961866094191e-182	9.64143088609052e-163	8.58809995507539e-145	3.62573781287519e-128	7.28854312580238e-113	7.00986943634274e-99	3.23939644471596e-86	7.21414947759804e-75	7.74962058915151e-65	4.01033013478713e-56	9.96502966267489e-49	1.18375001130274e-42	6.70301374123119e-38	2.576283405324e-34	2.63610232312281e-30	4.12489109072172e-27	3.04414839436185e-25	1.05019069616535e-24	1.69532426572062e-25	1.28259169003087e-27	4.55709382948939e-31	7.62533938007956e-36	6.030295589056e-42	2.26347885244901e-49	4.05166404798378e-58	3.47504078918412e-68	1.43373379959318e-79	2.85220714157923e-92	2.73642835229288e-106	1.26359322726368e-121	2.79792135909008e-138	2.95701436352421e-156	1.48451855263222e-175	3.52483504179116e-196	3.9438871401236e-218	2.07342063455632e-241	5.11067924597634e-266	5.89665220175533e-292	3.17931243098842e-319	0	0	0	0	0	0	0	0	0	0	0	0	0	0	0	0	0	0	0	0	0	0	0	0	0	0	0	0	0	0	0	0	0	0	0	0	0	0	0	0	0	0
-0.106060606060606	-0.106060606060606	0	0	0	0	0	0	0	0	0	0	0	0	0	7.34675615365934e-321	1.31104508259917e-293	1.08883172173342e-267	4.2292829192535e-243	7.68612864918009e-220	6.54113189153895e-198	2.61036359086216e-177	4.89466127614888e-158	4.32419386745549e-140	1.80625309803934e-123	3.58254669754759e-108	3.38999690963593e-94	1.53755130121394e-81	3.35545881153292e-70	3.53121767609806e-60	1.79209997619188e-51	4.37654979172961e-44	5.1236889295916e-38	2.86411202551187e-33	8.54562326554351e-30	3.17292742819877e-26	4.85301962237407e-23	3.58786404618062e-21	1.24134832537503e-20	2.01215111811517e-21	1.53105107201194e-23	5.48310029927001e-27	9.27343835022406e-32	7.43749295407973e-38	2.8419495123794e-45	5.19859618668168e-54	4.57135021826799e-64	1.93765055877331e-75	3.96151264153876e-88	3.90041713315595e-102	1.84303699787848e-117	4.16070810137224e-134	4.46608801566156e-152	2.26921759958597e-171	5.43709815811105e-192	6.12477194554266e-214	3.23632844984534e-237	8.0082318818697e-262	9.26928751979167e-288	5.0149349842408e-315	0	0	0	0	0	0	0	0	0	0	0	0	0	0	0	0	0	0	0	0	0	0	0	0	0	0	0	0	0	0	0	0	0	0	0	0	0	0	0	0	0	0
-0.0757575757575757	-0.0757575757575757	0	0	0	0	0	0	0	0	0	0	0	0	0	1.71892938104674e-316	3.02284997021743e-289	2.4923512793962e-263	9.62589448079982e-239	1.74089070303774e-215	1.47469573956218e-193	5.85580183759106e-173	1.09157068877149e-153	9.57282110519978e-136	3.96130106515029e-119	7.76399102504119e-104	7.23960667745775e-90	3.22696647440493e-77	6.90628154469701e-66	7.12005233404477e-56	3.54083871320478e-47	8.48660174502092e-40	9.77484568794764e-34	5.38922750318639e-29	1.46760460257372e-25	1.76932818667025e-22	2.50085189009417e-19	1.85241226923103e-17	6.43345862757955e-17	1.04844599396408e-17	8.03721054934601e-20	2.90753968262721e-23	4.98356147221698e-28	4.06579290635399e-34	1.58646816954136e-41	2.97364413581739e-50	2.68567503554708e-60	1.1700391357613e-71	2.45599745816949e-84	2.47618732600249e-98	1.19391490942303e-113	2.73980887249554e-130	2.97887382205311e-148	1.52852609228074e-167	3.69000114524775e-188	4.1811100761524e-210	2.21995018543816e-233	5.51706313919889e-258	6.41396058457142e-284	3.48762143934543e-311	0	0	0	0	0	0	0	0	0	0	0	0	0	0	0	0	0	0	0	0	0	0	0	0	0	0	0	0	0	0	0	0	0	0	0	0	0	0	0	0	0	0
-0.0454545454545454	-0.0454545454545454	0	0	0	0	0	0	0	0	0	0	0	0	0	1.82317532483059e-312	3.1385528484546e-285	2.54738060315255e-259	9.72406161880671e-235	1.74295308965562e-211	1.46570426365673e-189	5.78221068701283e-169	1.07081966645526e-149	9.32266946023118e-132	3.82433232016056e-115	7.41535040315839e-100	6.82330852228163e-86	2.99315345408645e-73	6.28870568214919e-62	6.3539255843116e-52	3.09516369086893e-43	7.27260674932353e-36	8.22819406917083e-30	4.46755650548632e-25	1.17303122435297e-21	5.08571116944916e-19	5.65433803264818e-16	4.19282066301327e-14	1.46336485652253e-13	2.4015120760822e-14	1.85856917930409e-16	6.80927079839232e-20	1.18633041377808e-24	9.87610714569852e-31	3.94639406919155e-38	7.59495827842551e-47	7.05061430647518e-57	3.1550016287026e-68	6.78650298719408e-81	6.98813537493647e-95	3.42841305355485e-110	7.97724198596548e-127	8.76824271794868e-145	4.53829513212611e-164	1.10349979020737e-184	1.25852803581476e-206	6.72628258960817e-230	1.68419639868548e-254	1.9763534269701e-280	1.08796593599821e-307	0	0	0	0	0	0	0	0	0	0	0	0	0	0	0	0	0	0	0	0	0	0	0	0	0	0	0	0	0	0	0	0	0	0	0	0	0	0	0	0	0	0
-0.0151515151515151	-0.0151515151515151	0	0	0	0	0	0	0	0	0	0	0	0	0	9.22755618926846e-309	1.52141674142262e-281	1.19455093520584e-255	4.44731845873278e-231	7.82342565369142e-208	6.48601091271408e-186	2.53014839215691e-165	4.64121092339418e-146	4.00480286208871e-128	1.62766279167252e-111	3.1230469487143e-96	2.83817855649611e-82	1.22665761986039e-69	2.53286873758475e-58	2.50976284659447e-48	1.19755555219507e-39	2.75649047306488e-32	3.0592653621023e-26	1.63313109805824e-21	4.19744601768793e-18	8.89708356873438e-16	5.63378498986632e-13	4.16492113193963e-11	1.46274083255554e-10	2.42207390493839e-11	1.89711793439535e-13	7.05966922881302e-17	1.25412684063043e-21	1.06851697534743e-27	4.38238094728876e-35	8.66926474888728e-44	8.26985525684706e-54	3.79520303922347e-65	8.34648042513531e-78	8.75597057202466e-92	4.36177090031857e-107	1.02767458131714e-123	1.1416300792408e-141	5.96643973934733e-161	1.46508189163602e-181	1.68958444020652e-203	9.15491977854844e-227	2.33372149037874e-251	2.80491923353068e-277	1.59450545279639e-304	0	0	0	0	0	0	0	0	0	0	0	0	0	0	0	0	0	0	0	0	0	0	0	0	0	0	0	0	0	0	0	0	0	0	0	0	0	0	0	0	0	0
0.0151515151515151	0.0151515151515151	0	0	0	0	0	0	0	0	0	0	0	0	0	2.38425936879568e-305	3.6612967898662e-278	2.70643242627631e-252	9.59519122876857e-228	1.62446720792428e-204	1.30773261292714e-182	4.98795801203808e-162	8.99094239494545e-143	7.64801764631104e-125	3.06941873911759e-108	5.81769804339298e-93	5.21877464924182e-79	2.22285253798192e-66	4.51377422063324e-55	4.38903329750741e-45	2.05183429304783e-36	4.6244796752135e-29	5.02905226381735e-23	2.63540443545512e-18	6.65071106436352e-15	9.87043235777525e-13	2.50458097632626e-10	1.81853345995794e-08	6.43545010168562e-08	1.0777323493212e-08	8.56783624160467e-11	3.24859602341599e-14	5.90261697390278e-19	5.15995696294892e-25	2.17542519625525e-32	4.42444679302345e-41	4.33283506866303e-51	2.03585881920275e-62	4.56970201123422e-75	4.87852531882986e-89	2.46775236539859e-104	5.89774047227349e-121	6.64770841372904e-139	3.53169880653362e-158	8.84787614637665e-179	1.04700635949363e-200	5.86816574179228e-224	1.56352433853823e-248	1.98903538096849e-274	1.21348052388574e-301	0	0	0	0	0	0	0	0	0	0	0	0	0	0	0	0	0	0	0	0	0	0	0	0	0	0	0	0	0	0	0	0	0	0	0	0	0	0	0	0	0	0
0.0454545454545454	0.0454545454545454	0	0	0	0	0	0	0	0	0	0	0	0	0	3.3034431254103e-302	4.66393499709979e-275	3.17444492874191e-249	1.04288491913172e-224	1.6521136809812e-201	1.25854420015621e-179	4.59256543172248e-159	7.99581417517038e-140	6.61916874228349e-122	2.59928321172838e-105	4.83686594918909e-90	4.26678574603587e-76	1.7874370952106e-63	3.56653018055634e-52	3.40252147846366e-42	1.55826063727776e-33	3.43741110547022e-26	3.65925201819159e-20	1.87960903849806e-15	4.6557160611943e-12	5.99798510632278e-10	5.1469161221315e-08	3.499109130321e-06	1.24867475356865e-05	2.12065260266939e-06	1.71655659003142e-08	6.65311767427026e-12	1.23997870150762e-16	1.11446983080823e-22	4.83454411574316e-30	1.01090219689865e-38	1.01581455019769e-48	4.88607758972238e-60	1.12052080539281e-72	1.2211096319864e-86	6.30969209620204e-102	1.54455864993243e-118	1.79217173902069e-136	9.87558642111034e-156	2.59236162035995e-176	3.25433511965657e-198	1.96160253613915e-221	5.6961754122174e-246	7.98258555949226e-272	5.39688302679004e-299	0	0	0	0	0	0	0	0	0	0	0	0	0	0	0	0	0	0	0	0	0	0	0	0	0	0	0	0	0	0	0	0	0	0	0	0	0	0	0	0	0	0
0.0757575757575757	0.0757575757575757	0	0	0	0	0	0	0	0	0	0	0	0	0	2.41070039665161e-299	3.18164669870593e-272	2.00451455244035e-246	6.05774499114394e-222	8.81654307317584e-199	6.19473586053452e-177	2.1020538885285e-156	3.43925592235228e-137	2.70521140061752e-119	1.01947905352123e-102	1.83531354426321e-87	1.57537319362659e-73	6.44482042132825e-61	1.25795433984416e-49	1.17433544896428e-39	5.26020241328078e-31	1.13432223725134e-23	1.18049603899303e-17	5.93403712201751e-13	1.44059971801186e-09	1.74801709300975e-07	5.33824339522494e-06	0.000298112772867761	0.00107122509556159	0.000185047480383534	1.53041185291834e-06	6.08396676922606e-10	1.1664773699448e-14	1.08031469702618e-20	4.83040906148142e-28	1.04041481590986e-36	1.07609010692632e-46	5.32780544427913e-58	1.25978205862677e-70	1.42118981026769e-84	7.65314915233908e-100	1.97105099429988e-116	2.43502638077618e-134	1.44767101325445e-153	4.15284528146669e-174	5.75485448754754e-196	3.84912688209344e-219	1.23906820313494e-243	1.9115164085753e-269	1.40629738624153e-296	0	0	0	0	0	0	0	0	0	0	0	0	0	0	0	0	0	0	0	0	0	0	0	0	0	0	0	0	0	0	0	0	0	0	0	0	0	0	0	0	0	0
0.106060606060606	0.106060606060606	0	0	0	0	0	0	0	0	0	0	0	0	0	8.68364813538995e-297	1.1021908201055e-269	6.60364134249675e-244	1.87528982405581e-219	2.53622374505349e-196	1.64189663909714e-174	5.11212660312781e-154	7.68299068059381e-135	5.58401560631924e-117	1.96255338357735e-100	3.33006848647535e-85	2.72163176858539e-71	1.06914851914433e-58	2.01647311744441e-47	1.82638130646719e-37	7.95586521673373e-29	1.6705765158294e-21	1.6946647648479e-15	8.31510960357050e-11	1.97398885044419e-07	2.31164314258667e-05	0.000321821947703686	0.0113602419032195	0.0407789533987708	0.00718842978605408	6.1000699048468e-05	2.49829530028804e-08	4.95018022979815e-13	4.7484890894496e-19	2.20313494686442e-26	4.9351892938746e-35	5.32852603839146e-45	2.77065910818445e-56	6.94042979055262e-69	8.38746121082668e-83	4.89918220025952e-98	1.38508679078907e-114	1.89550020332326e-132	1.25343063092071e-151	3.99095801871662e-172	6.08982749447541e-194	4.43042605161333e-217	1.52918644855891e-241	2.49341151374844e-267	1.91404519041897e-294	0	0	0	0	0	0	0	0	0	0	0	0	0	0	0	0	0	0	0	0	0	0	0	0	0	0	0	0	0	0	0	0	0	0	0	0	0	0	0	0	0	0
0.136363636363636	0.136363636363636	0	0	0	0	0	0	0	0	0	0	0	0	0	1.45702637366433e-294	1.8156186841337e-267	1.06059690940364e-241	2.91077568898352e-217	3.76426236103094e-194	2.30251265650233e-172	6.69217580019675e-152	9.29038837405364e-133	6.193351228415e-115	1.99221304234837e-98	3.10323384494995e-83	2.34519717866308e-69	8.60109584289968e-57	1.5297918055754e-45	1.31840036083907e-35	5.50383047834171e-27	1.11347844683423e-19	1.09264763656814e-13	5.20373724386707e-09	1.20281669190161e-05	0.00136605689638528	0.0120256641763124	0.198164766642744	0.693327679711823	0.125250828394691	0.00109853570990201	4.67785584249112e-07	9.69363317654991e-12	9.78634087481301e-18	4.81438488984181e-25	1.15404263002669e-33	1.34796594884086e-43	7.67204781554786e-55	2.12647602547676e-67	2.86504830018744e-81	1.87004516557628e-96	5.88501963908013e-113	8.87981478147575e-131	6.38808353004459e-150	2.17977709693503e-170	3.51275329818275e-192	2.66443635702692e-215	9.48958975525771e-240	1.58516455023408e-265	1.24321666207177e-292	4.0809822346487e-321	0	0	0	0	0	0	0	0	0	0	0	0	0	0	0	0	0	0	0	0	0	0	0	0	0	0	0	0	0	0	0	0	0	0	0	0	0	0	0	0	0
0.166666666666667	0.166666666666667	0	0	0	0	0	0	0	0	0	0	0	0	4.0809822346487e-321	1.10190745001572e-292	1.36240669990738e-265	7.8707231742626e-240	2.12665674124331e-215	2.69126485038159e-192	1.59817290087452e-170	4.46506586900313e-150	5.8892170727662e-131	3.68300972873219e-113	1.09784360355906e-96	1.56901386020507e-81	1.08163298010483e-67	3.61645873911393e-55	5.88992871079366e-44	4.68581903037584e-34	1.82368757630297e-25	3.47411874740733e-18	3.23935643779383e-12	1.47752432501201e-07	0.000329290371670038	0.0361181237123388	0.252175372617806	1.66468813479229	5.34972369980914	0.999519202372562	0.00922675764193949	4.18780374887166e-06	9.37423681443366e-11	1.03656704839233e-16	5.65914056065406e-24	1.52141492349193e-32	2.00483715397254e-42	1.28691514703712e-53	3.9955499602717e-66	5.95703176806311e-80	4.23668001260254e-95	1.42923266929553e-111	2.27663416860865e-129	1.70658184878234e-148	6.00702743802103e-169	9.92360229868762e-191	7.7163747640495e-214	2.85718398282895e-238	5.21214569824276e-264	5.06945836442632e-291	2.94665691836178e-319	0	0	0	0	0	0	0	0	0	0	0	0	0	0	0	0	0	0	0	0	0	0	0	0	0	0	0	0	0	0	0	0	0	0	0	0	0	0	0	0	0
0.196969696969697	0.196969696969697	0	0	0	0	0	0	0	0	0	0	0	0	1.39988560092659e-319	3.69979931538067e-291	4.56002998758615e-264	2.62242569696286e-238	7.03980103585729e-214	8.82655542195365e-191	5.17315431073092e-169	1.41893624416436e-148	1.82444156790459e-129	1.10217274349922e-111	3.1381442553176e-95	4.22853543220345e-80	2.7107512647992e-66	8.32069030185743e-54	1.2319204863842e-42	8.86556244193003e-33	3.12386975895269e-24	5.42171111943083e-17	4.65306742941805e-11	1.97752420051069e-06	0.00415788574101487	0.433924953757083	2.6403090553451	7.36151923333969	19.6358952756756	3.89997587325274	0.0396922967002035	2.02857782283734e-05	5.19110233376289e-10	6.60639669829129e-16	4.13952278865893e-23	1.26305830830191e-31	1.85744177431767e-41	1.30518099669832e-52	4.35257299105504e-65	6.85414018779663e-79	5.07897912326175e-94	1.76762674841505e-110	2.89071350500941e-128	2.2343019393091e-147	8.32393134528308e-168	1.57521300256642e-189	1.67746385391552e-212	1.10920735428891e-236	4.44797455704226e-262	9.65676823352924e-289	1.04010541661493e-316	0	0	0	0	0	0	0	0	0	0	0	0	0	0	0	0	0	0	0	0	0	0	0	0	0	0	0	0	0	0	0	0	0	0	0	0	0	0	0	0	0
0.227272727272727	0.227272727272727	0	0	0	0	0	0	0	0	0	0	0	0	2.07613795367179e-318	5.4809313046968e-290	6.74688992785182e-263	3.87309808938972e-237	1.03702466416002e-212	1.29537867135091e-189	7.55140597039103e-168	2.05538582919023e-147	2.6139486178859e-128	1.5548001022286e-110	4.33159809642853e-94	5.66370695054422e-79	3.48556567565194e-65	1.01364240959018e-52	1.40044798998349e-41	9.25728274955317e-32	2.95373861104686e-23	4.5962722382415e-16	3.52577651619551e-10	1.3458813313343e-05	0.0257205553477442	2.47363285839188	13.3059833354723	18.7878895134958	39.0264607114018	8.79685490189283	0.105736072820176	6.384724487177e-05	1.90114839869606e-09	2.74866071093279e-15	1.90591677487113e-22	6.28167440456577e-31	9.78098320645285e-41	7.1674712845124e-52	2.4679603828174e-64	4.0006684557273e-78	3.08403682925109e-93	1.16586517029817e-109	2.32683850586624e-127	2.74885238925355e-146	2.03286590157053e-166	8.70569815981598e-188	1.93090624248756e-210	2.07882910390114e-234	1.05808991194186e-259	2.52242224299756e-286	2.80761619801332e-314	0	0	0	0	0	0	0	0	0	0	0	0	0	0	0	0	0	0	0	0	0	0	0	0	0	0	0	0	0	0	0	0	0	0	0	0	0	0	0	0	0
0.257575757575758	0.257575757575758	0	0	0	0	0	0	0	0	0	0	0	0	1.35420330318081e-317	3.57370360293067e-289	4.3970433600931e-262	2.52241116081495e-236	6.74703044296674e-212	8.41574915816296e-189	4.89572045521592e-167	1.32853111328256e-146	1.68222918223063e-127	9.943545315164e-110	2.74541318265662e-93	3.54383551047056e-78	2.14143290640791e-64	6.06908520157247e-52	8.08956572441757e-41	5.09143113262708e-31	1.52175016033886e-22	2.17721748418674e-15	1.50716140935727e-09	5.11527875221594e-05	0.0863540395019089	7.35861253133301	34.069922413969	28.6054725006075	52.8979614002205	14.2927599642135	0.20178730447792	0.000137870177025095	4.49070261618394e-09	6.91704785965797e-15	5.01576045720725e-22	1.7100162017646e-30	2.75107474733774e-40	2.12054027043422e-51	8.17649484218888e-64	1.72948471646394e-77	2.23952385688437e-92	1.78890736910747e-108	7.93266297745865e-126	1.7702090079379e-144	1.8939037952881e-164	9.53671258668246e-186	2.24581120340239e-208	2.46805047706329e-232	1.26483637544898e-257	3.02212974870568e-284	3.36633282630747e-312	0	0	0	0	0	0	0	0	0	0	0	0	0	0	0	0	0	0	0	0	0	0	0	0	0	0	0	0	0	0	0	0	0	0	0	0	0	0	0	0	0
0.287878787878788	0.287878787878788	0	0	0	0	0	0	0	0	0	0	0	0	3.88311635447396e-317	1.02466541627012e-288	1.26052549897767e-261	7.22938752296606e-236	1.93306211159234e-211	2.40993328998055e-188	1.40090551188421e-166	3.79752280312633e-146	4.80111701286613e-127	2.83155916425831e-109	7.79261390020247e-93	1.00117190604731e-77	6.00877603601636e-64	1.6862918252688e-51	2.21597920241394e-40	1.36647253644677e-30	3.96646927418434e-22	5.44516765221019e-15	3.55984479101395e-09	0.000111943800072247	0.171666943686682	13.0806579807999	52.3372344958856	27.9905103051701	57.0697958837039	17.5966284394698	0.268030931117662	0.000192497320921079	6.5006564740179e-09	1.03723497722881e-14	7.96708146380333e-22	3.09952085598062e-30	6.75553889441432e-40	9.12246824928981e-51	7.4920436321673e-63	3.34418578223579e-76	7.42139692140225e-91	7.85763512058664e-107	3.90895203840798e-124	9.08891466098251e-143	9.86022800114735e-163	4.98808732028379e-184	1.17644217007525e-206	1.29350867253431e-230	6.63011979832294e-256	1.58425005099399e-282	1.76471849784455e-310	0	0	0	0	0	0	0	0	0	0	0	0	0	0	0	0	0	0	0	0	0	0	0	0	0	0	0	0	0	0	0	0	0	0	0	0	0	0	0	0	0
0.318181818181818	0.318181818181818	0	0	0	0	0	0	0	0	0	0	0	0	4.89465697052206e-317	1.29154826449778e-288	1.58879126516246e-261	9.11165707938103e-236	2.43620392619588e-211	3.03691218685402e-188	1.7651320426261e-166	4.78391483375157e-146	6.04646688620179e-127	3.56455825031062e-109	9.80399599123867e-93	1.25849388685295e-77	7.54362697942142e-64	2.11314851573594e-51	2.76951507743792e-40	1.70118610706926e-30	4.91022257756959e-22	6.68578421359716e-15	4.31990692041826e-09	0.000133641043785391	0.200666602242749	14.9787833260644	59.7681003463089	26.9010520173197	52.1764008893433	16.7218641095957	0.262117649007305	0.000197265593915906	7.42848531830885e-09	1.5352048651426e-14	1.94246734650936e-21	1.51473884253486e-29	6.55032242012465e-39	1.42467810046752e-49	1.48526661313077e-61	7.28731375589812e-75	1.67206746817921e-89	1.79037069980419e-105	8.93985621676677e-123	2.08121139268529e-141	2.25874354530953e-161	1.14280428383203e-182	2.69542607922001e-205	2.96368776817686e-229	1.51910060961555e-254	3.62985744738055e-281	4.04335153113935e-309	0	0	0	0	0	0	0	0	0	0	0	0	0	0	0	0	0	0	0	0	0	0	0	0	0	0	0	0	0	0	0	0	0	0	0	0	0	0	0	0	0
0.348484848484849	0.348484848484849	0	0	0	0	0	0	0	0	0	0	0	0	2.71179441449516e-317	7.15584133260942e-289	8.80318898298029e-262	5.04898469325045e-236	1.35010918915076e-211	1.68328597592896e-188	9.78599532047552e-167	2.65313569662976e-146	3.35500340050752e-127	1.97929248915802e-109	5.44958115676396e-93	7.00609702645102e-78	4.20899583622003e-64	1.18292718214508e-51	1.55790806556917e-40	9.63875635322079e-31	2.81216594810006e-22	3.89121083447644e-15	2.57561424146237e-09	8.26087766553934e-05	0.131064654892863	10.7486939420524	53.1082736075596	35.4012149788784	51.1484365318228	15.7786660565368	0.273022636219019	0.000269974641217253	1.66750751660153e-08	6.26359484498649e-14	1.27460746488027e-20	1.28670217036764e-28	6.19119978342591e-38	1.39920029860815e-48	1.47779611352188e-60	7.28205903416421e-74	1.67324651017821e-88	1.79247486771236e-104	8.95174647894549e-122	2.08408544166153e-140	2.26190059780727e-160	1.14440788314498e-181	2.69921322672738e-204	2.96785359845031e-228	1.52123619177773e-253	3.63496060823657e-280	4.04903610284568e-308	0	0	0	0	0	0	0	0	0	0	0	0	0	0	0	0	0	0	0	0	0	0	0	0	0	0	0	0	0	0	0	0	0	0	0	0	0	0	0	0	0
0.378787878787879	0.378787878787879	0	0	0	0	0	0	0	0	0	0	0	0	6.60347885539931e-318	1.74269392622274e-289	2.1441911466428e-262	1.23003907807737e-236	3.29015377669691e-212	4.10390427932308e-189	2.38738674860054e-167	6.47860112809312e-147	8.20353961692024e-128	4.84920558399354e-110	1.33894817924903e-93	1.72855758253982e-78	1.04478031757845e-64	2.96255824667374e-52	3.95290957980252e-41	2.49297600090244e-31	7.4806400993178e-23	1.07828272998587e-15	7.56721023974364e-10	2.63438476433453e-05	0.0468908937060065	4.60108104108752	32.1867864956087	38.7976348132551	57.7571586169532	18.3043148591735	0.414282994575537	0.000616656353569313	5.38815660472363e-08	2.44009794982761e-13	5.35694649082581e-20	5.55552549172921e-28	2.6975759696343e-37	6.11490335842669e-48	6.4648216995457e-60	3.186680681384e-73	7.32303493516021e-88	7.84512119946343e-104	3.91795482069227e-121	9.1215540599506e-140	9.89982186904724e-160	5.00881378500545e-181	1.18138458020521e-203	1.2989624533585e-227	6.65810714538994e-253	1.59094014772091e-279	1.77217164095309e-307	0	0	0	0	0	0	0	0	0	0	0	0	0	0	0	0	0	0	0	0	0	0	0	0	0	0	0	0	0	0	0	0	0	0	0	0	0	0	0	0	0
0.409090909090909	0.409090909090909	0	0	0	0	0	0	0	0	0	0	0	0	7.06874541474447e-319	1.86553065881869e-290	2.296002514229e-263	1.31768814598857e-237	3.52677552784186e-213	4.40298386424197e-190	2.56469326073019e-168	6.97284255993366e-148	8.85346600001235e-129	5.25411624645882e-111	1.45910031882768e-94	1.8994332988079e-79	1.16203534651612e-65	3.35336798631492e-53	4.58927233031108e-42	3.00145747033856e-32	9.4802568293306e-24	1.46603673207321e-16	1.12854839504788e-10	4.4159620437034e-06	0.00913006611817315	1.12036216136496	11.4579188946831	24.8081562780644	50.6372689065485	18.8207195687223	0.55133979488122	0.00100752518753654	9.7301533929977e-08	4.57721342631621e-13	1.0181099454038e-19	1.06046051954927e-27	5.15663698657891e-37	1.16946550127407e-47	1.23657853356496e-59	6.09573145420709e-73	1.40083072131011e-87	1.50070939111513e-103	7.4947500359775e-121	1.7448850600963e-139	1.89376224123768e-159	9.58148859241258e-181	2.25990096742104e-203	2.48481872426541e-227	1.27364646285152e-252	3.04335038327648e-279	3.39003277514303e-307	0	0	0	0	0	0	0	0	0	0	0	0	0	0	0	0	0	0	0	0	0	0	0	0	0	0	0	0	0	0	0	0	0	0	0	0	0	0	0	0	0
0.439393939393939	0.439393939393939	0	0	0	0	0	0	0	0	0	0	0	0	3.30579323632378e-320	8.77920270500594e-292	1.08111077348495e-264	6.20962721442528e-239	1.6639676540407e-214	2.08093553925357e-191	1.21513523038453e-169	3.3155711075714e-149	4.23171690341984e-130	2.53023028963066e-112	7.10300726277227e-96	9.39147448280129e-81	5.87473008849812e-67	1.74962028823346e-54	2.5022475343504e-43	1.73767348299794e-33	5.93736568104666e-25	1.01228340874041e-17	8.73318544067989e-12	3.88739074884064e-07	0.000941847148733492	0.146992820422196	2.15910376449218	8.44052591315604	25.4137007710321	11.5697698720328	0.401631466782321	0.000801082868496042	7.99900845131115e-08	3.80577176877909e-13	8.49676815315169e-20	8.86096454282514e-28	4.3104743737077e-37	9.77692154926586e-48	1.03384354036339e-59	5.0964172090314e-73	1.17118846029688e-87	1.25469560702222e-103	6.26612629137711e-121	1.45884410632147e-139	1.58331576930401e-159	8.0107850482181e-181	1.88943302595966e-203	2.07747978239356e-227	1.06485626186647e-252	2.5444507623358e-279	2.83430114620918e-307	0	0	0	0	0	0	0	0	0	0	0	0	0	0	0	0	0	0	0	0	0	0	0	0	0	0	0	0	0	0	0	0	0	0	0	0	0	0	0	0	0
0.46969696969697	0.46969696969697	0	0	0	0	0	0	0	0	0	0	0	0	8.15208315638057e-322	1.81684404924568e-293	2.23973569612209e-266	1.28843757266623e-240	3.46029622039573e-216	4.34139209440735e-193	2.54693318128062e-171	6.99621988307313e-151	9.01576802737257e-132	5.4654146334596e-114	1.5645677000745e-97	2.12630122211384e-82	1.38172165604872e-68	4.33295596707192e-56	6.63026798030606e-45	5.01035947620023e-35	1.89068712747177e-26	3.59389818304542e-19	3.4712969311677e-13	1.74427539276645e-08	4.95388072114079e-05	0.00989706986399686	0.203812873284315	1.49030336163637	6.50522963392208	3.57235064752824	0.137824589318528	0.000286706124851056	2.90357413206133e-08	1.38773260097984e-13	3.10272521778974e-20	3.23721263018983e-28	1.57499799946732e-37	3.57254784435298e-48	3.77778793546755e-60	1.86230136862506e-73	4.27969189480753e-88	4.58484160644559e-104	2.28973478284946e-121	5.33083142005347e-140	5.78566933862651e-160	2.92725902362768e-181	6.90426700150995e-204	7.5914175950002e-228	3.89114186950687e-253	9.29779844616137e-280	1.03569545081849e-307	0	0	0	0	0	0	0	0	0	0	0	0	0	0	0	0	0	0	0	0	0	0	0	0	0	0	0	0	0	0	0	0	0	0	0	0	0	0	0	0	0
0.5	0.5	0	0	0	0	0	0	0	0	0	0	0	0	0	1.65465589272243e-295	2.04388713014362e-268	1.17917754657378e-242	3.18008076874554e-218	4.01378167991692e-195	2.37500946779282e-173	6.60412558117117e-153	8.6587483786415e-134	5.37736217406528e-116	1.59147431831946e-99	2.26217892705377e-84	1.55895399399009e-70	5.26309071842171e-58	8.79333048949994e-47	7.32970868460657e-37	3.06270770333059e-28	6.43256144908103e-21	6.85077778598923e-15	3.84842308473506e-10	1.28992084341052e-06	0.000329519066321023	0.00947761967621612	0.133996842931396	0.80749537263483	0.516764669007002	0.0213070498267134	4.53316653245218e-05	4.62296245920137e-09	2.21420568251029e-14	4.95383488482644e-21	5.16962698638311e-29	2.51533896504993e-38	5.70563154123813e-49	6.03345675266603e-61	2.97426426450762e-74	6.83506121851362e-89	7.32241507830901e-105	3.6569179998432e-122	8.51383051658479e-141	9.24024879110113e-161	4.67510328456091e-182	1.10267527078278e-204	1.2124195736982e-228	6.21451330801899e-254	1.48494437156361e-280	1.65410138676223e-308	0	0	0	0	0	0	0	0	0	0	0	0	0	0	0	0	0	0	0	0	0	0	0	0	0	0	0	0	0	0	0	0	0	0	0	0	0	0	0	0	0
0.53030303030303	0.53030303030303	0	0	0	0	0	0	0	0	0	0	0	0	0	6.64178266937119e-298	8.2347100908512e-271	4.77626736797055e-245	1.29796446457e-220	1.65612584147583e-197	9.95078748316826e-176	2.82676245114563e-155	3.81662531670247e-136	2.46569505268168e-118	7.68380445627004e-102	1.16550677156058e-86	8.68388997009228e-73	3.20337997575717e-60	5.88183537948917e-49	5.38630923464664e-39	2.45888311400396e-30	5.60485381840507e-23	6.48989643977432e-17	4.07643662789224e-12	1.63338981404729e-08	5.27668795001051e-06	0.000219738759447964	0.00598863043191215	0.0471203983773147	0.0339269174256247	0.0014601734014053	3.14732277253367e-06	3.22183942689887e-10	1.5448391447432e-15	3.45741211888826e-22	3.60838630851793e-30	1.75575585714001e-39	3.98268258478734e-50	4.21152685206191e-62	2.07612440626475e-75	4.77107645208971e-90	5.11126453310985e-106	2.55263813151726e-123	5.94290839394636e-142	6.44997010539359e-162	3.26336196620824e-183	7.69700330071687e-206	8.46305137074317e-230	4.33791622250599e-255	1.0365355997722e-281	1.15461225743695e-309	0	0	0	0	0	0	0	0	0	0	0	0	0	0	0	0	0	0	0	0	0	0	0	0	0	0	0	0	0	0	0	0	0	0	0	0	0	0	0	0	0
0.560606060606061	0.560606060606061	0	0	0	0	0	0	0	0	0	0	0	0	0	1.1784994697071e-300	1.47110107360349e-273	8.61540028097604e-248	2.37334769156717e-223	3.08626919805991e-200	1.90331468060657e-178	5.59945771087298e-158	7.91423131210143e-139	5.41676009524088e-121	1.8099294207415e-104	2.97421039572156e-89	2.41715165704916e-75	9.74518925459453e-63	1.94958484254976e-51	1.93162131306164e-41	9.46314319284212e-33	2.30614649174291e-25	2.88859287180081e-19	2.05107352069216e-14	9.92520470672552e-11	3.98731614341681e-08	2.61377764216697e-06	0.000129601420638709	0.00126481844728141	0.00099487888382335	4.40554357088815e-05	9.57232484398002e-08	9.82065066429965e-12	4.7118300822545e-17	1.05471618779547e-23	1.10083119771285e-31	5.35647294128178e-41	1.21504591256523e-51	1.28486430502544e-63	6.33390122578946e-77	1.45557423662988e-91	1.55935991469396e-107	7.78766511228189e-125	1.81308036016607e-143	1.96777627524378e-163	9.9559628240661e-185	2.34822491429192e-207	2.58193316341314e-231	1.32342452675614e-256	3.16229397996929e-283	3.52252579815448e-311	0	0	0	0	0	0	0	0	0	0	0	0	0	0	0	0	0	0	0	0	0	0	0	0	0	0	0	0	0	0	0	0	0	0	0	0	0	0	0	0	0
0.590909090909091	0.590909090909091	0	0	0	0	0	0	0	0	0	0	0	0	0	9.29383158788373e-304	1.17425752321351e-276	6.99404000935393e-251	1.97191082263203e-226	2.64555420057124e-203	1.69961616330622e-181	5.26573961667047e-161	7.92503211535134e-142	5.83298520376341e-124	2.11090842157903e-107	3.76936765617363e-92	3.3259044326487e-78	1.44915488421301e-65	3.11070853071285e-54	3.28032782090454e-44	1.70029499821348e-35	4.39567433544859e-28	5.98428561094226e-22	4.88388525885575e-17	2.85426920832434e-13	1.41035026966268e-10	1.63127698699965e-08	1.32656535036881e-06	1.53800035224571e-05	1.29195452861078e-05	5.8331479628856e-07	1.27398362174823e-09	1.30881751019712e-13	6.28186475145188e-19	1.40630408654144e-25	1.46783494371376e-33	7.14231871114863e-43	1.62014602820622e-53	1.71324351397966e-65	8.44565297131319e-79	1.94086953147232e-93	2.07925789861398e-109	1.03841096498732e-126	2.41756997072203e-145	2.6238422416685e-165	1.32753281716258e-186	3.13113426717134e-209	3.44276195800901e-233	1.76466055730039e-258	4.21661783066549e-285	4.69695265134512e-313	0	0	0	0	0	0	0	0	0	0	0	0	0	0	0	0	0	0	0	0	0	0	0	0	0	0	0	0	0	0	0	0	0	0	0	0	0	0	0	0	0
0.621212121212121	0.621212121212121	0	0	0	0	0	0	0	0	0	0	0	0	0	3.28809503995201e-307	4.24127581057112e-280	2.59769389802366e-254	7.59788312130018e-230	1.06806995270945e-206	7.26427539987561e-185	2.40516602003668e-164	3.89613670459327e-145	3.09859767965131e-127	1.21214078618444e-110	2.33337353158284e-95	2.20830751687115e-81	1.02522266729865e-68	2.32775270316131e-57	2.57970222719808e-47	1.40249245243671e-38	3.84468475934151e-31	5.76137547703916e-25	5.48609402710734e-20	3.82892879854306e-16	2.35068433469779e-13	5.30859953427099e-11	6.30243690269098e-09	8.38286843471998e-08	7.39384438193399e-08	3.38370484556747e-09	7.41568623521012e-12	7.62514836066928e-16	3.66064230464879e-21	8.19548609778664e-28	8.55421473166944e-36	4.16240459206883e-45	9.441910094571e-56	9.98446937727459e-68	4.92197252632682e-81	1.13110341591413e-95	1.21175365273304e-111	6.05167009973483e-129	1.40891577807395e-147	1.52912750405181e-167	7.73661964629134e-189	1.82476806408196e-211	2.00637901069311e-235	1.02841205589253e-260	2.45736812908054e-287	2.73729842897944e-315	0	0	0	0	0	0	0	0	0	0	0	0	0	0	0	0	0	0	0	0	0	0	0	0	0	0	0	0	0	0	0	0	0	0	0	0	0	0	0	0	0
0.651515151515151	0.651515151515151	0	0	0	0	0	0	0	0	0	0	0	0	0	5.29673260147681e-311	7.06179498085824e-284	4.5121081487466e-258	1.39022376867625e-233	2.0774731674175e-210	1.51275768363604e-188	5.38505341347017e-168	9.38827223676573e-149	8.02192365549595e-131	3.35937256664902e-114	6.88946144120926e-99	6.90700976102454e-85	3.37561198261573e-72	8.01848849210166e-61	9.25919618703735e-51	5.26096510500728e-42	1.53887304429514e-34	2.58264338077686e-28	2.88920212987134e-23	2.36606132322624e-19	1.89483465444163e-16	8.71262665153853e-14	1.37019753093822e-11	2.03315769337265e-10	1.85948908113227e-10	8.59155424468291e-12	1.88738017840981e-14	1.94182896159338e-18	9.3236140938544e-24	2.08746129225492e-30	2.17885510646521e-38	1.0602145065915e-47	2.40497003320542e-58	2.5431671421572e-70	1.25368702715775e-83	2.88105978630391e-98	3.0864859003634e-114	1.54143496390444e-131	3.58868214450275e-150	3.8948762283589e-170	1.97061238325191e-191	4.64790917498223e-214	5.11049464089673e-238	2.61949226555715e-263	6.25921951310885e-290	6.97242731708772e-318	0	0	0	0	0	0	0	0	0	0	0	0	0	0	0	0	0	0	0	0	0	0	0	0	0	0	0	0	0	0	0	0	0	0	0	0	0	0	0	0	0
0.681818181818182	0.681818181818182	0	0	0	0	0	0	0	0	0	0	0	0	0	3.96488924844897e-315	5.54420791171769e-288	3.74847984895662e-262	1.23094854461986e-237	1.96933119516148e-214	1.53738729576288e-192	5.85979199335633e-172	1.09059624228031e-152	9.91068068800723e-135	4.39571050809882e-118	9.50417030814281e-103	9.9935831033062e-89	5.09387979164057e-76	1.25580535470769e-64	1.50314686667253e-54	8.93631434034279e-46	2.82363087233598e-38	5.39938587256368e-32	7.06559382305051e-27	6.68090302203291e-23	7.72545818915083e-20	6.93182868833805e-17	1.34893894090988e-14	2.183250446773e-13	2.05139549517886e-13	9.54358679799693e-15	2.1000085308835e-17	2.16146029730667e-21	1.03791918215098e-26	2.32385224153034e-33	2.42561149865023e-41	1.18028636223017e-50	2.67733999476058e-61	2.83118872671617e-73	1.39567103737904e-86	3.20734893445367e-101	3.43604021996981e-117	1.71600736560882e-134	3.99511178829131e-153	4.33598332458233e-173	2.19379049098581e-194	5.1742996430121e-217	5.68927438136131e-241	2.91615807976158e-266	6.96809599179323e-293	7.75683063970757e-321	0	0	0	0	0	0	0	0	0	0	0	0	0	0	0	0	0	0	0	0	0	0	0	0	0	0	0	0	0	0	0	0	0	0	0	0	0	0	0	0	0
0.712121212121212	0.712121212121212	0	0	0	0	0	0	0	0	0	0	0	0	0	1.41213842894345e-319	2.09315281403194e-292	1.50971918804524e-266	5.29824757863974e-242	9.04943531159245e-219	7.52090235472576e-197	3.04114830163218e-176	5.98422379783028e-157	5.73099773761793e-139	2.66950100121204e-122	6.03629279893256e-107	6.6049539979297e-93	3.48557700227012e-80	8.86658594781556e-69	1.09788062643502e-58	6.87109335905777e-50	2.3850751171167e-42	5.25688520884235e-36	7.93586405895355e-31	8.61046075792877e-27	1.66487633001211e-23	2.59208918849779e-20	5.96672787134093e-18	1.03433007377495e-16	9.91623383311166e-17	4.63632011717874e-18	1.02140374440359e-20	1.0515889085339e-24	5.05000426201945e-30	1.13069106064398e-36	1.18020789457912e-44	5.74281908901826e-54	1.30269095870366e-64	1.3775479630381e-76	6.79080070240266e-90	1.56057315539543e-104	1.67184557992714e-120	8.34943466173519e-138	1.94386839578829e-156	2.10972343116175e-176	1.0674144376317e-197	2.51761604689023e-220	2.76818303266454e-244	1.41889084193508e-269	3.39040865346046e-296	0	0	0	0	0	0	0	0	0	0	0	0	0	0	0	0	0	0	0	0	0	0	0	0	0	0	0	0	0	0	0	0	0	0	0	0	0	0	0	0	0	0
0.742424242424243	0.742424242424243	0	0	0	0	0	0	0	0	0	0	0	0	0	0	3.82795177630856e-297	2.94099312764395e-271	1.09632598884918e-246	1.98175603370188e-223	1.73714090510955e-201	7.38854221778077e-181	1.52583809905503e-161	1.52984195742761e-143	7.43577381804946e-127	1.74679915942486e-111	1.97579755488882e-97	1.07309249715519e-84	2.80603744203287e-73	3.59945996120868e-63	2.39832858667192e-54	9.31437364136456e-47	2.37020788911782e-40	4.05272914750956e-35	5.11425996788271e-31	1.91119977407471e-27	4.46539087320224e-24	1.17875486463812e-21	2.15650392272777e-20	2.09875406795505e-20	9.84849005422799e-22	2.17152562122411e-24	2.23614850324397e-28	1.07390790774764e-33	2.40449691670765e-40	2.50980512678426e-48	1.22125661627017e-57	2.77027748907852e-68	2.92946709631454e-80	1.44411868197135e-93	3.31868502094577e-108	3.5553148346103e-124	1.77557480668828e-141	4.13379335402579e-160	4.48649750042958e-180	2.26994312888317e-201	5.35391413620402e-224	5.88676509609406e-248	3.01738612834213e-273	7.20997820129141e-300	0	0	0	0	0	0	0	0	0	0	0	0	0	0	0	0	0	0	0	0	0	0	0	0	0	0	0	0	0	0	0	0	0	0	0	0	0	0	0	0	0	0
0.772727272727273	0.772727272727273	0	0	0	0	0	0	0	0	0	0	0	0	0	0	3.36263764312666e-302	2.72917817358426e-276	1.07057912477376e-251	2.03044366835521e-228	1.86392079532395e-206	8.29175211751963e-186	1.78822257248769e-166	1.86755934293263e-148	9.41873920781527e-132	2.28484208685219e-116	2.65585282464372e-102	1.4776816051541e-89	3.96633762228149e-78	5.29986297204187e-68	3.81985521860078e-59	1.68492614228921e-51	4.90629211748981e-45	9.34079452321122e-40	1.43799193463365e-35	1.12622639309706e-31	3.5005419776342e-28	1.03521701245032e-25	1.9751175127364e-24	1.94389853230598e-24	9.14625342111844e-26	2.01794223104534e-28	2.07829514485761e-32	9.98132800368298e-38	2.2348531682307e-44	2.33273610179693e-52	1.13509639382164e-61	2.57483343077419e-72	2.72279223915564e-84	1.34223565005811e-97	3.08455074524055e-112	3.30448625304704e-128	1.65030744506405e-145	3.84215293166571e-164	4.16997368959319e-184	2.10979792665972e-205	4.97619380872145e-228	5.47145196567678e-252	2.80450858725122e-277	6.70131196981642e-304	0	0	0	0	0	0	0	0	0	0	0	0	0	0	0	0	0	0	0	0	0	0	0	0	0	0	0	0	0	0	0	0	0	0	0	0	0	0	0	0	0	0
0.803030303030303	0.803030303030303	0	0	0	0	0	0	0	0	0	0	0	0	0	0	1.39401812010291e-307	1.18430877878758e-281	4.8520646204831e-257	9.6018179393889e-234	9.19337995691129e-212	4.26234252789226e-191	9.56174032656838e-172	1.03518554111467e-153	5.38725217149769e-137	1.34183405618789e-121	1.59485206558251e-107	9.0628372654166e-95	2.50054847706394e-83	3.51578719339365e-73	2.79247702229428e-64	1.4087320500673e-56	4.61809229945091e-50	9.6797946027007e-45	2.01118172677973e-40	3.23775240809142e-36	1.2389555110132e-32	4.02675850999119e-30	7.93625183385774e-29	7.87643743500702e-29	3.71326304308847e-30	8.19632292876289e-33	8.44234766149932e-37	4.05466461459381e-42	9.07858334694206e-49	9.4762233489943e-57	4.61107899992923e-66	1.04596943259612e-76	1.10607446553705e-88	5.45253716264177e-102	1.25303091087574e-116	1.34237487505392e-132	6.70401109574099e-150	1.56079014024376e-168	1.69396011444975e-188	8.57059013643336e-210	2.02146930922304e-232	2.2226570448527e-256	1.1392699429526e-281	2.72226062714374e-308	0	0	0	0	0	0	0	0	0	0	0	0	0	0	0	0	0	0	0	0	0	0	0	0	0	0	0	0	0	0	0	0	0	0	0	0	0	0	0	0	0	0
0.833333333333333	0.833333333333333	0	0	0	0	0	0	0	0	0	0	0	0	0	0	2.68018194143497e-313	2.3688455940263e-287	1.00955829993022e-262	2.07904728247476e-239	2.07131411238735e-217	9.97835269378613e-197	2.31877795646585e-177	2.58906641329038e-159	1.38269139800154e-142	3.51794127080345e-127	4.25899608107402e-113	2.46920585842089e-100	7.0372249741419e-89	1.05655540746621e-78	9.41086211487112e-70	5.41009715941553e-62	1.95966812389223e-55	4.51555035773099e-50	1.48480445331764e-45	4.3695404041067e-41	1.96875439139231e-37	6.91696785550485e-35	1.39764570211605e-33	1.39579584117455e-33	6.58992662188698e-35	1.45508857933862e-37	1.49888058384176e-41	7.1989050595929e-47	1.61187508428383e-53	1.68247648799284e-61	8.18684140922667e-71	1.85708948680585e-81	1.96380431898481e-93	9.68082746631713e-107	2.22472139244482e-121	2.38334910655195e-137	1.19027845003079e-154	2.7711393111622e-173	3.00757888179985e-193	1.52168434658306e-214	3.58906231190338e-237	3.94626551863642e-261	2.0227419712387e-286	4.83329773026131e-313	0	0	0	0	0	0	0	0	0	0	0	0	0	0	0	0	0	0	0	0	0	0	0	0	0	0	0	0	0	0	0	0	0	0	0	0	0	0	0	0	0	0
0.863636363636364	0.863636363636364	0	0	0	0	0	0	0	0	0	0	0	0	0	0	2.3630665774941e-319	2.16570699666485e-293	9.58765101006892e-269	2.05188316593418e-245	2.12226917139945e-223	1.05846991016945e-202	2.53578385823062e-183	2.90453559928471e-165	1.58359383231107e-148	4.09810260158835e-133	5.04132741524539e-119	2.98597165731689e-106	8.86913593890347e-95	1.44807659829686e-84	1.46319388609869e-75	9.46233794732249e-68	3.72462919699468e-61	9.57047017041135e-56	5.93877462738968e-51	2.70697551997996e-46	1.39834322265723e-42	5.23470653534873e-40	1.07801953249431e-38	1.08161329967966e-38	5.11209777196051e-40	1.12905564793031e-42	1.16310125908194e-46	5.58627844090391e-52	1.25080271472696e-58	1.30558976974681e-66	6.35293164788737e-76	1.44108850262899e-86	1.52389848297974e-98	7.51225475003947e-112	1.72636832085089e-126	1.84946232353559e-142	9.23647795400251e-160	2.15038482420981e-178	2.33386028591408e-198	1.18081646525772e-219	2.78508738178789e-242	3.06227458483752e-266	1.56963369569438e-291	3.75067958777799e-318	0	0	0	0	0	0	0	0	0	0	0	0	0	0	0	0	0	0	0	0	0	0	0	0	0	0	0	0	0	0	0	0	0	0	0	0	0	0	0	0	0	0
0.893939393939394	0.893939393939394	0	0	0	0	0	0	0	0	0	0	0	0	0	0	0	9.01446125952424e-300	4.14305664367536e-275	9.19882880926451e-252	9.84582967158533e-230	5.06098462650404e-209	1.24349846681403e-189	1.45362479321606e-171	8.05497403070349e-155	2.11354689177652e-139	2.64000398185706e-125	1.60433172003998e-112	5.03309835762743e-101	9.1069586002157e-91	1.0457729661905e-81	7.47100710402927e-74	3.15787940980533e-67	9.44013299738891e-62	1.2440641432587e-56	7.60803145083816e-52	4.42253268430696e-48	1.74212384445814e-45	3.63976144698017e-44	3.66457624784904e-44	1.73339720802904e-45	3.82907300645853e-48	3.94469972616886e-52	1.89462450187125e-57	4.2421921636554e-64	4.42800884751476e-72	2.1546462366438e-81	4.88756400362425e-92	5.16842054137761e-104	2.5478397843712e-117	5.85511279686698e-132	6.2725957074817e-148	3.13262353229336e-165	7.29319783731228e-184	7.91546917473434e-204	4.00483113243021e-225	9.44584106107472e-248	1.03859430777271e-271	5.32353509286287e-297	0	0	0	0	0	0	0	0	0	0	0	0	0	0	0	0	0	0	0	0	0	0	0	0	0	0	0	0	0	0	0	0	0	0	0	0	0	0	0	0	0	0	0
0.924242424242424	0.924242424242424	0	0	0	0	0	0	0	0	0	0	0	0	0	0	0	1.7049594055416e-306	8.1251824837291e-282	1.8662271433402e-258	2.05820812235491e-236	1.08486160986436e-215	2.71982649197967e-196	3.2300888894888e-178	1.81277356000798e-161	4.81387404895391e-146	6.11339004795521e-132	3.84161252276749e-119	1.29513351798434e-107	2.63678472187444e-97	3.41164215693859e-88	2.64276077712326e-80	1.19261931820785e-73	4.54701662065296e-68	1.28492093037517e-62	9.6387886356143e-58	6.20739691643959e-54	2.54591517536801e-51	5.37729688051695e-50	5.42795082858175e-50	2.56902164382272e-51	5.6757345177088e-54	5.84730533839334e-58	2.80845862501449e-63	6.28833858557322e-70	6.56378308904367e-78	3.1939032244004e-87	7.24499756554417e-98	7.66132052395536e-110	3.77674709262702e-123	8.67922715315134e-138	9.29807586589387e-154	4.64359136494007e-171	1.08109481242045e-189	1.17333614877539e-209	5.9364935087131e-231	1.40018822989381e-253	1.53954265795432e-277	7.89125195973328e-303	0	0	0	0	0	0	0	0	0	0	0	0	0	0	0	0	0	0	0	0	0	0	0	0	0	0	0	0	0	0	0	0	0	0	0	0	0	0	0	0	0	0	0
0.954545454545455	0.954545454545455	0	0	0	0	0	0	0	0	0	0	0	0	0	0	0	1.46246525477446e-313	7.20781903189669e-289	1.7055405464707e-265	1.92856403632247e-243	1.0371006396052e-222	2.64092089571605e-203	3.1745887347578e-185	1.7999815687464e-168	4.83552401432517e-153	6.26688641643187e-139	4.12077716117724e-126	1.52212191118118e-114	3.51128230183725e-104	5.0368409141769e-95	4.16458862262912e-87	2.01036524728488e-80	1.14519865910147e-74	6.24122241390834e-69	5.48235878159738e-64	3.85527218493637e-60	1.63191097057886e-57	3.47513654950027e-56	3.51461829802607e-56	1.66418322514309e-57	3.67704544087084e-60	3.7882847289649e-64	1.81952124486269e-69	4.07404230195641e-76	4.25249640539245e-84	2.06924309402681e-93	4.69383708298948e-104	4.96356143318688e-116	2.44685184073266e-129	5.62303549030459e-144	6.02397075974724e-160	3.00845669645755e-177	7.00411959695063e-196	7.60172615670452e-216	3.84609287214064e-237	9.07143916311211e-260	9.97427864517037e-284	5.11252776913715e-309	0	0	0	0	0	0	0	0	0	0	0	0	0	0	0	0	0	0	0	0	0	0	0	0	0	0	0	0	0	0	0	0	0	0	0	0	0	0	0	0	0	0	0
0.984848484848485	0.984848484848485	0	0	0	0	0	0	0	0	0	0	0	0	0	0	0	5.71139886592481e-321	2.87968782103236e-296	6.98567575461345e-273	8.05832972529482e-251	4.40091533729058e-230	1.13396405599632e-210	1.37590908268579e-192	7.871166118051e-176	2.14180061497515e-160	2.8519468183619e-146	1.9938728026404e-133	8.21408355097452e-122	2.1393893553785e-111	3.33780540603942e-102	2.91279496369931e-94	1.52469543016591e-87	1.57934710331652e-81	1.38882991899554e-75	1.39539797412469e-70	1.05684932642225e-66	4.58415176224772e-64	9.82202726332645e-63	9.94782700172083e-63	4.71186758257582e-64	1.04117380108184e-66	1.0726899129774e-70	5.15217240574589e-76	1.1536104243922e-82	1.20414193134901e-90	5.85929358272354e-100	1.32911255653474e-110	1.40548803150395e-122	6.92853513598710e-136	1.59222550062275e-150	1.70575481437242e-166	8.51878220947269e-184	1.98329493942489e-202	2.1525139325229e-222	1.08906428913636e-243	2.56867963724448e-266	2.82432875218249e-290	1.44766957981992e-315	0	0	0	0	0	0	0	0	0	0	0	0	0	0	0	0	0	0	0	0	0	0	0	0	0	0	0	0	0	0	0	0	0	0	0	0	0	0	0	0	0	0	0
1.01515151515152	1.01515151515152	0	0	0	0	0	0	0	0	0	0	0	0	0	0	0	0	5.15571268391664e-304	1.27582023361593e-280	1.49452469750877e-258	8.25750673686121e-238	2.14663468955765e-218	2.62428750400429e-200	1.51446239260362e-183	4.18768646630639e-168	5.78891024473334e-154	4.385596534879e-141	2.03850591951484e-129	5.91755802238499e-119	9.86167566216571e-110	9.02480039405685e-102	5.30878338844058e-95	1.16561713251125e-88	1.39845050192965e-82	1.58451682728827e-77	1.27604531900916e-73	5.63953074660192e-71	1.21389403077051e-69	1.2307492625454e-69	5.83095630757394e-71	1.28852814046989e-73	1.32754827536924e-77	6.37628548011474e-83	1.42769954099348e-89	1.49023717271648e-97	7.25141876603467e-107	1.64489996499873e-117	1.73942169650078e-129	8.57470435556508e-143	1.97052662194247e-157	2.11102966947039e-173	1.05427824916703e-190	2.45451129622291e-209	2.66393548313512e-229	1.34781799058811e-250	3.17897911231759e-273	3.49536858521515e-297	0	0	0	0	0	0	0	0	0	0	0	0	0	0	0	0	0	0	0	0	0	0	0	0	0	0	0	0	0	0	0	0	0	0	0	0	0	0	0	0	0	0	0	0
1.04545454545455	1.04545454545455	0	0	0	0	0	0	0	0	0	0	0	0	0	0	0	0	4.11568065290858e-312	1.03418288177983e-288	1.22551233259992e-266	6.82980736862972e-246	1.78757717352639e-226	2.19978978522775e-208	1.28213315044554e-191	3.62352577527929e-176	5.27541156243521e-162	4.41501254685645e-149	2.31957204065222e-137	7.36803331734194e-127	1.29268003081338e-117	1.23848225188575e-109	8.86092548030211e-103	4.30581275896043e-96	6.33630520462489e-90	8.00331784431677e-85	6.77427850255851e-81	3.0368916927423e-78	6.55930636023732e-77	6.65564325365366e-77	3.15383142345651e-78	6.9696406380715e-81	7.1807671632783e-85	3.44896823549472e-90	7.72250984256699e-97	8.06078041294412e-105	3.92233510783503e-114	8.89736081523191e-125	9.40863444167248e-137	4.63810810876784e-150	1.06586946038238e-164	1.14186838666892e-180	5.70265316916653e-198	1.32765962242245e-216	1.44093839907775e-236	7.2904269262583e-258	1.71952853280587e-280	1.89066546290358e-304	0	0	0	0	0	0	0	0	0	0	0	0	0	0	0	0	0	0	0	0	0	0	0	0	0	0	0	0	0	0	0	0	0	0	0	0	0	0	0	0	0	0	0	0
1.07575757575758	1.07575757575758	0	0	0	0	0	0	0	0	0	0	0	0	0	0	0	0	1.42834378212704e-320	3.70633240496221e-297	4.42947280508053e-275	2.48442313396944e-254	6.53817845192758e-235	8.09922139160924e-217	4.78093357946826e-200	1.39339553152555e-184	2.17523123904264e-170	2.04202709920274e-157	1.20220200268922e-145	4.09863262207973e-135	7.49335692444393e-126	7.5442758607613e-118	7.61081997893664e-111	7.51818176730129e-104	1.28817955825217e-97	1.79295021939634e-92	1.57907116151554e-88	7.15570516515748e-86	1.54950576069606e-84	1.57318764934408e-84	7.45567686068574e-86	1.64767743763894e-88	1.69760112794547e-92	8.1536992221967e-98	1.82567772979189e-104	1.9056483941247e-112	9.27278917768169e-122	2.10342434179750e-132	2.22429450009953e-144	1.09649475951315e-157	2.51982112164234e-172	2.69949012129988e-188	1.34816377045996e-205	3.13871903017247e-224	3.40652129364312e-244	1.72352923483365e-265	4.06513600149697e-288	4.46972067848675e-312	0	0	0	0	0	0	0	0	0	0	0	0	0	0	0	0	0	0	0	0	0	0	0	0	0	0	0	0	0	0	0	0	0	0	0	0	0	0	0	0	0	0	0	0
1.10606060606061	1.10606060606061	0	0	0	0	0	0	0	0	0	0	0	0	0	0	0	0	0	5.854524740785e-306	7.04037906415609e-284	3.9681739526354e-263	1.04939040767085e-243	1.3099622164487e-225	7.86984366670201e-209	2.39550116177681e-193	4.08977033119216e-179	4.33662700124808e-166	2.81463046832571e-154	1.01257710439951e-143	1.91738697961165e-134	2.05342687882358e-126	3.58855004290218e-119	6.0112495185598e-112	1.1726532202214e-105	1.77677120199086e-100	1.61438609511042e-96	7.37543729799536e-94	1.60013759225852e-92	1.62530305077862e-92	7.70342856055172e-94	1.70246810810866e-96	1.75406092448301e-100	8.42488947154007e-106	1.88639987084057e-112	1.96903048245465e-120	9.5812033608702e-130	2.17338451782523e-140	2.29827483545489e-152	1.13296432342628e-165	2.60363071284563e-180	2.78927552774803e-196	1.39300387976124e-213	3.24311324952825e-232	3.51982265249408e-252	1.78085405023714e-273	4.2003429745881e-296	4.6116087382822e-320	0	0	0	0	0	0	0	0	0	0	0	0	0	0	0	0	0	0	0	0	0	0	0	0	0	0	0	0	0	0	0	0	0	0	0	0	0	0	0	0	0	0	0	0
1.13636363636364	1.13636363636364	0	0	0	0	0	0	0	0	0	0	0	0	0	0	0	0	0	4.06651592336927e-315	4.91265449839166e-293	2.77992371016319e-272	7.38842383503808e-253	9.31623326854531e-235	5.73965215438961e-218	1.85504220148203e-202	3.52616272544813e-188	4.20797774801983e-175	2.95267462630711e-163	1.10631273197937e-152	2.16421440869136e-143	2.53841917740882e-135	9.24504362997634e-128	2.17013472475871e-120	4.76979986853457e-114	7.77012847161809e-109	7.23287846616216e-105	3.32461860767443e-102	7.22318154734675e-101	7.33916280358092e-101	3.47879061161497e-102	7.68830314338736e-105	7.92132518371702e-109	3.80467667757079e-114	8.51897586182918e-121	8.89213584048447e-129	4.32686865059217e-138	9.81499818279999e-149	1.0379002500674e-160	5.11646360392681e-174	1.17579887603336e-188	1.25963602069726e-204	6.29080148757293e-222	1.46458900444724e-240	1.58955089070584e-260	8.04233173442922e-282	1.89687367111969e-304	0	0	0	0	0	0	0	0	0	0	0	0	0	0	0	0	0	0	0	0	0	0	0	0	0	0	0	0	0	0	0	0	0	0	0	0	0	0	0	0	0	0	0	0	0
1.16666666666667	1.16666666666667	0	0	0	0	0	0	0	0	0	0	0	0	0	0	0	0	0	0	1.50315363593413e-302	8.53657214030841e-282	2.28240121135303e-262	2.9189379635512e-244	1.86457564930441e-227	6.52337638704516e-212	1.39663583198066e-197	1.85143251509616e-184	1.37846993376898e-172	5.33067433235071e-162	1.07808310028223e-152	1.47867338040938e-144	1.21536432203749e-136	3.51796057379458e-129	8.64832044792773e-123	1.49649436399793e-117	1.41915296031048e-113	6.55306739860056e-111	1.42524853160139e-109	1.44848280586088e-109	6.86623914325891e-111	1.51749246938169e-113	1.56349003158947e-117	7.50957414827701e-123	1.68145405415509e-129	1.75510749151251e-137	8.54026499024977e-147	1.93725976618562e-157	2.04858152707267e-169	1.00987477584612e-182	2.32076238260936e-197	2.48623803969727e-213	1.24166264711507e-230	2.890769107546e-249	3.13741574992854e-269	1.58737530187186e-290	3.74400175747761e-313	0	0	0	0	0	0	0	0	0	0	0	0	0	0	0	0	0	0	0	0	0	0	0	0	0	0	0	0	0	0	0	0	0	0	0	0	0	0	0	0	0	0	0	0	0
1.1969696969697	1.1969696969697	0	0	0	0	0	0	0	0	0	0	0	0	0	0	0	0	0	0	2.01525057182882e-312	1.14883676447295e-291	3.09617959591321e-272	4.0418446935836e-254	2.71689149524823e-237	1.04909272456456e-221	2.53404153445476e-207	3.66289218650399e-194	2.8491977254289e-182	1.13092656893543e-171	2.37500390585883e-162	4.34455887910991e-154	7.61849599084238e-146	2.55565625424129e-138	6.9715632680431e-132	1.26718435655355e-126	1.21883556653306e-122	5.64733965717359e-120	1.22922532507165e-118	1.24948795255733e-118	5.9231856236672e-120	1.30908238855291e-122	1.34876555057358e-126	6.47823749454313e-132	1.45052963921436e-138	1.51406783483552e-146	7.36737815638252e-156	1.67120403395941e-166	1.76723729707631e-178	8.71182496661222e-192	2.00203789125774e-206	2.14478776434697e-222	1.07113752201515e-239	2.4937621066154e-258	2.70653525715593e-278	1.36937134358194e-299	4.10074486048235e-322	0	0	0	0	0	0	0	0	0	0	0	0	0	0	0	0	0	0	0	0	0	0	0	0	0	0	0	0	0	0	0	0	0	0	0	0	0	0	0	0	0	0	0	0	0
1.22727272727273	1.22727272727273	0	0	0	0	0	0	0	0	0	0	0	0	0	0	0	0	0	0	0	6.77737133262442e-302	1.84742612202719e-282	2.48495795162689e-264	1.79007394109839e-247	7.74626467691906e-232	2.09256222895697e-217	3.23398835237573e-204	2.59788823184193e-192	1.05563134694315e-181	2.32612552542335e-172	6.96309251256567e-164	2.19013456821628e-155	8.31168260018712e-148	2.49192760599035e-141	4.71118832677222e-136	4.58031055522767e-132	2.12765227782194e-129	4.63385317233695e-128	4.71086511377905e-128	2.23324864339167e-129	4.93573347918348e-132	5.08536187780283e-136	2.4425441214827e-141	5.46905378437131e-148	5.70861728673665e-156	2.77778455552233e-165	6.30108114515588e-176	6.66316343650197e-188	3.28469264889335e-201	7.54845186800219e-216	8.08667372230556e-232	4.03859990076815e-249	9.40244103984921e-268	1.02046775472987e-287	5.16305596493481e-309	0	0	0	0	0	0	0	0	0	0	0	0	0	0	0	0	0	0	0	0	0	0	0	0	0	0	0	0	0	0	0	0	0	0	0	0	0	0	0	0	0	0	0	0	0	0
1.25757575757576	1.25757575757576	0	0	0	0	0	0	0	0	0	0	0	0	0	0	0	0	0	0	0	1.75393923514278e-312	4.86153686902243e-293	6.82607828032033e-275	5.37533239013876e-258	2.62469739952963e-242	7.80029923208466e-228	1.26656010185206e-214	1.04247719808385e-202	4.33517979635864e-192	1.02601390531164e-182	6.2032734046408e-174	2.83847993080206e-165	1.20887958043985e-157	3.93946784401341e-151	7.68207004264932e-146	7.52930668488364e-142	3.5041751018488e-139	7.63512684752494e-138	7.7627860863892e-138	3.68013532558423e-139	8.13355911151572e-142	8.38014037031063e-146	4.02505632433728e-151	9.01242710239498e-158	9.40720275927291e-166	4.57749772028093e-175	1.03835211194224e-185	1.09801947764613e-197	5.41282911798111e-211	1.24390572983755e-225	1.33259904870848e-241	6.65518922945455e-259	1.54942370812939e-277	1.68162387390565e-297	8.50944083801754e-319	0	0	0	0	0	0	0	0	0	0	0	0	0	0	0	0	0	0	0	0	0	0	0	0	0	0	0	0	0	0	0	0	0	0	0	0	0	0	0	0	0	0	0	0	0	0
1.28787878787879	1.28787878787879	0	0	0	0	0	0	0	0	0	0	0	0	0	0	0	0	0	0	0	0	5.66467223965999e-304	8.44276537310472e-286	7.3990972481895e-269	4.06135418774529e-253	1.30196110515371e-238	2.19058126706997e-225	1.83844357813176e-213	7.83844233722675e-203	2.10068919019501e-193	2.8849473174346e-184	1.6482777808177e-175	7.85064485262217e-168	2.74810072574426e-161	5.48930825293291e-156	5.41293019786862e-152	2.52277027487508e-149	5.49855430333899e-148	5.59090093425421e-148	2.6505452161095e-149	5.8580584747842e-152	6.03565965581316e-156	2.89898184832892e-161	6.49105543731805e-168	6.77538631299978e-176	3.29686903391813e-185	7.47856391228821e-196	7.90830850830062e-208	3.89850302661507e-221	8.9590307525427e-236	9.59783010225715e-252	4.79329289515874e-269	1.11594748033579e-287	1.21116252133715e-307	0	0	0	0	0	0	0	0	0	0	0	0	0	0	0	0	0	0	0	0	0	0	0	0	0	0	0	0	0	0	0	0	0	0	0	0	0	0	0	0	0	0	0	0	0	0	0
1.31818181818182	1.31818181818182	0	0	0	0	0	0	0	0	0	0	0	0	0	0	0	0	0	0	0	0	2.93885357144151e-315	4.74068817968167e-297	4.67706971387648e-280	2.84819599759671e-264	9.66408206799035e-250	1.66806459124424e-236	1.4238578581592e-224	6.25133163809159e-214	2.12292165682723e-204	6.48055054575348e-195	4.28141138019186e-186	2.2717000715822e-178	8.44214932340077e-172	1.71777726791627e-166	1.70160075129333e-162	7.93889872946063e-160	1.73075414265148e-158	1.7599177385355e-158	8.3435557979849e-160	1.84404231670253e-162	1.89995012532103e-166	9.12563338587496e-172	2.04330338241169e-178	2.13280721569967e-186	1.03781330715133e-195	2.35415876994366e-206	2.48943701628059e-218	1.22720019490192e-231	2.82019129154009e-246	3.02127737025711e-262	1.50886890045646e-279	3.51286367107292e-298	3.81271447026982e-318	0	0	0	0	0	0	0	0	0	0	0	0	0	0	0	0	0	0	0	0	0	0	0	0	0	0	0	0	0	0	0	0	0	0	0	0	0	0	0	0	0	0	0	0	0	0	0
1.34848484848485	1.34848484848485	0	0	0	0	0	0	0	0	0	0	0	0	0	0	0	0	0	0	0	0	0	1.21710753743996e-308	1.35384616836052e-291	8.97753612556185e-276	3.17333460166845e-261	5.58116533114358e-248	4.84218592619697e-236	2.20827551493051e-225	1.15346619084981e-215	6.70183574622559e-206	4.97374844063851e-197	2.92186019947401e-189	1.1401848939506e-182	2.35294015234522e-177	2.33872255995133e-173	1.09199710820483e-170	2.38108067694851e-169	2.42130061978301e-169	1.14791972843895e-170	2.53706816987908e-173	2.61398842844536e-177	1.25552257023687e-182	2.81121700690946e-189	2.93435815856298e-197	1.42784398249255e-206	3.23889798993569e-217	3.42501646514748e-229	1.68840619230182e-242	3.88007470982233e-257	4.15673289640589e-273	2.07593154360353e-290	4.83306700864028e-309	0	0	0	0	0	0	0	0	0	0	0	0	0	0	0	0	0	0	0	0	0	0	0	0	0	0	0	0	0	0	0	0	0	0	0	0	0	0	0	0	0	0	0	0	0	0	0	0
1.37878787878788	1.37878787878788	0	0	0	0	0	0	0	0	0	0	0	0	0	0	0	0	0	0	0	0	0	1.42834378212704e-320	1.78301827979494e-303	1.26226217808335e-287	4.59230625564227e-273	8.19549225255148e-260	7.23260670347335e-248	3.48993706352379e-237	3.52159543401821e-227	3.12298195757272e-217	2.58397200160937e-208	1.66614260199872e-200	6.76102949088773e-194	1.41021917416411e-188	1.40526011763732e-184	6.56526823229336e-182	1.43173513488921e-180	1.45596310483059e-180	6.90265469229007e-182	1.52558861808663e-184	1.57184282588001e-188	7.54970558187889e-194	1.69044042842012e-200	1.7644876475244e-208	8.58590852215179e-218	1.9476134788587e-228	2.05953020252103e-240	1.01527206732936e-253	2.33316573346192e-268	2.4995257778162e-284	1.24829873257095e-301	2.89769501285891e-320	0	0	0	0	0	0	0	0	0	0	0	0	0	0	0	0	0	0	0	0	0	0	0	0	0	0	0	0	0	0	0	0	0	0	0	0	0	0	0	0	0	0	0	0	0	0	0	0
1.40909090909091	1.40909090909091	0	0	0	0	0	0	0	0	0	0	0	0	0	0	0	0	0	0	0	0	0	0	1.059680371613e-315	7.86880783371175e-300	2.92144097693996e-285	5.27823064258549e-272	4.7485194812008e-260	2.52785599128273e-249	5.75324011372861e-239	6.50736304083028e-229	5.99981542008289e-220	4.20167799764864e-212	1.75832907361735e-205	3.6971836292716e-200	3.69115924510523e-196	1.72522839361915e-193	3.76269996302398e-192	3.82645839870328e-192	1.81411570036368e-193	4.0094682154537e-196	4.13103206685961e-200	1.9841727936956e-205	4.44272417831877e-212	4.6373310921083e-220	2.25650208588287e-229	5.11861251129747e-240	5.41274599751477e-252	2.66828319009044e-265	6.1319001148915e-280	6.56911859468728e-296	3.28071127889966e-313	0	0	0	0	0	0	0	0	0	0	0	0	0	0	0	0	0	0	0	0	0	0	0	0	0	0	0	0	0	0	0	0	0	0	0	0	0	0	0	0	0	0	0	0	0	0	0	0	0
1.43939393939394	1.43939393939394	0	0	0	0	0	0	0	0	0	0	0	0	0	0	0	0	0	0	0	0	0	0	0	2.16511517278238e-312	8.15637050053106e-298	1.4906270468724e-284	1.37247189946829e-272	8.84751542241763e-262	4.61886852707048e-251	6.05215717271991e-241	6.21820719109142e-232	4.67520768153558e-224	2.00388976653117e-217	4.23908034153833e-212	4.23814039630987e-208	1.98152215951516e-205	4.32198952991125e-204	4.39529812361727e-204	2.08380925895416e-205	4.60553544255272e-208	4.74517249685907e-212	2.27915020596002e-217	5.10320263431518e-224	5.32674083502628e-232	2.59196541559746e-241	5.87957205521355e-252	6.21743295464653e-264	3.06496403971578e-277	7.04350026155222e-292	7.5457179133585e-308	0	0	0	0	0	0	0	0	0	0	0	0	0	0	0	0	0	0	0	0	0	0	0	0	0	0	0	0	0	0	0	0	0	0	0	0	0	0	0	0	0	0	0	0	0	0	0	0	0	0
1.46969696969697	1.46969696969697	0	0	0	0	0	0	0	0	0	0	0	0	0	0	0	0	0	0	0	0	0	0	0	0	9.98370737452957e-311	1.84611926707939e-297	1.75208979689568e-285	1.63070511368499e-274	1.71855368915022e-263	2.51316315569695e-253	2.87094858374729e-244	2.29079965648825e-236	1.00012343687023e-229	2.12529502538389e-224	2.1270532101649e-220	9.94731395063312e-218	2.16977257220322e-216	2.20660300751871e-216	1.04615262608611e-217	2.31215791267634e-220	2.38226148934646e-224	1.14422224819807e-229	2.56200667228284e-236	2.6742315682726e-244	1.3012676898695e-253	2.95177439495806e-264	3.12139373850937e-276	1.53873143983299e-289	3.53611173197921e-304	3.79541229135246e-320	0	0	0	0	0	0	0	0	0	0	0	0	0	0	0	0	0	0	0	0	0	0	0	0	0	0	0	0	0	0	0	0	0	0	0	0	0	0	0	0	0	0	0	0	0	0	0	0	0	0
1.5	1.5	0	0	0	0	0	0	0	0	0	0	0	0	0	0	0	0	0	0	0	0	0	0	0	0	0	1.00306016091555e-310	9.95532924109074e-299	1.69282238804225e-287	2.8836861628344e-276	4.66293233935333e-266	5.89103725618988e-257	4.93472631883787e-249	2.18486910514416e-242	4.65867023639285e-237	4.66616289098037e-233	2.18255176821536e-230	4.76091562816851e-229	4.84177339852045e-229	2.29549424683022e-230	5.07339709822647e-233	5.22722075322171e-237	2.51068258239742e-242	5.62162252469636e-249	5.86786935491364e-257	2.85527584547912e-266	6.47686113886351e-277	6.84904437103107e-289	3.37632506163249e-302	7.75904948852304e-317	0	0	0	0	0	0	0	0	0	0	0	0	0	0	0	0	0	0	0	0	0	0	0	0	0	0	0	0	0	0	0	0	0	0	0	0	0	0	0	0	0	0	0	0	0	0	0	0	0	0	0
