"x"	"y"	"z.1"	"z.2"	"z.3"	"z.4"	"z.5"	"z.6"	"z.7"	"z.8"	"z.9"	"z.10"	"z.11"	"z.12"	"z.13"	"z.14"	"z.15"	"z.16"	"z.17"	"z.18"	"z.19"	"z.20"	"z.21"	"z.22"	"z.23"	"z.24"	"z.25"	"z.26"	"z.27"	"z.28"	"z.29"	"z.30"	"z.31"	"z.32"	"z.33"	"z.34"	"z.35"	"z.36"	"z.37"	"z.38"	"z.39"	"z.40"	"z.41"	"z.42"	"z.43"	"z.44"	"z.45"	"z.46"	"z.47"	"z.48"	"z.49"	"z.50"	"z.51"	"z.52"	"z.53"	"z.54"	"z.55"	"z.56"	"z.57"	"z.58"	"z.59"	"z.60"	"z.61"	"z.62"	"z.63"	"z.64"	"z.65"	"z.66"	"z.67"	"z.68"	"z.69"	"z.70"	"z.71"	"z.72"	"z.73"	"z.74"	"z.75"	"z.76"	"z.77"	"z.78"	"z.79"	"z.80"	"z.81"	"z.82"	"z.83"	"z.84"	"z.85"	"z.86"	"z.87"	"z.88"	"z.89"	"z.90"	"z.91"	"z.92"	"z.93"	"z.94"	"z.95"	"z.96"	"z.97"	"z.98"	"z.99"	"z.100"
-1.5	-1.5	0	0	0	0	0	0	0	0	0	0	0	0	0	0	0	0	0	0	0	0	0	0	0	0	0	0	0	0	0	0	0	0	0	0	0	0	0	0	0	0	0	0	0	0	0	0	0	0	0	0	0	0	0	0	0	0	0	0	0	0	0	0	0	0	0	0	0	0	0	0	0	0	0	0	0	0	0	0	0	0	0	0	0	0	0	0	0	0	0	0	0	0	0	0	0	0	0	0	0	0
-1.46969696969697	-1.46969696969697	0	0	0	0	0	0	0	0	0	0	0	0	0	0	0	0	0	0	0	0	0	0	0	0	0	0	0	0	0	0	0	0	0	0	0	0	0	0	0	0	0	0	0	0	0	0	0	0	0	0	0	0	0	0	0	0	0	0	0	0	0	0	0	0	0	0	0	0	0	0	0	0	0	0	0	0	0	0	0	0	0	0	0	0	0	0	0	0	0	0	0	0	0	0	0	0	0	0	0	0
-1.43939393939394	-1.43939393939394	0	0	0	0	0	0	0	0	0	0	0	0	0	0	0	0	0	0	0	0	0	0	0	0	0	0	0	0	0	0	0	0	0	0	0	0	0	0	0	0	0	0	0	0	0	0	0	0	0	0	0	0	0	0	0	0	0	0	0	0	0	0	0	0	0	0	0	0	0	0	0	0	0	0	0	0	0	0	0	0	0	0	0	0	0	0	0	0	0	0	0	0	0	0	0	0	0	0	0	0
-1.40909090909091	-1.40909090909091	0	0	0	0	0	0	0	0	0	0	0	0	0	0	0	0	0	0	0	0	0	0	0	0	0	0	0	0	0	0	0	0	0	0	0	0	0	0	0	0	0	0	0	0	0	0	0	0	0	0	0	0	0	0	0	0	0	0	0	0	0	0	0	0	0	0	0	0	0	0	0	0	0	0	0	0	0	0	0	0	0	0	0	0	0	0	0	0	0	0	0	0	0	0	0	0	0	0	0	0
-1.37878787878788	-1.37878787878788	0	0	0	0	0	0	0	0	0	0	0	0	0	0	0	0	0	0	0	0	0	0	0	0	0	0	0	0	0	0	0	0	0	0	0	0	0	0	0	0	0	0	0	0	0	0	0	0	0	0	0	0	0	0	0	0	0	0	0	0	0	0	0	0	0	0	0	0	0	0	0	0	0	0	0	0	0	0	0	0	0	0	0	0	0	0	0	0	0	0	0	0	0	0	0	0	0	0	0	0
-1.34848484848485	-1.34848484848485	0	0	0	0	0	0	0	0	0	0	0	0	0	0	0	0	0	0	0	0	0	0	0	0	0	0	0	0	0	0	0	0	0	0	0	0	0	0	0	0	0	0	0	0	0	0	0	0	0	0	0	0	0	0	0	0	0	0	0	0	0	0	0	0	0	0	0	0	0	0	0	0	0	0	0	0	0	0	0	0	0	0	0	0	0	0	0	0	0	0	0	0	0	0	0	0	0	0	0	0
-1.31818181818182	-1.31818181818182	0	0	0	0	0	0	0	0	0	0	0	0	0	0	0	0	0	0	0	0	0	0	0	0	0	0	0	0	0	0	0	0	0	0	0	0	0	0	0	0	0	0	0	0	0	0	0	0	0	0	0	0	0	0	0	0	0	0	0	0	0	0	0	0	0	0	0	0	0	0	0	0	0	0	0	0	0	0	0	0	0	0	0	0	0	0	0	0	0	0	0	0	0	0	0	0	0	0	0	0
-1.28787878787879	-1.28787878787879	0	0	0	0	0	0	0	0	0	0	0	0	0	0	0	0	0	0	0	0	0	0	0	0	0	0	0	0	0	0	0	0	0	0	0	0	0	0	0	0	0	0	0	0	0	0	0	0	0	0	0	0	0	0	0	0	0	0	0	0	0	0	0	0	0	0	0	0	0	0	0	0	0	0	0	0	0	0	0	0	0	0	0	0	0	0	0	0	0	0	0	0	0	0	0	0	0	0	0	0
-1.25757575757576	-1.25757575757576	0	0	0	0	0	0	0	0	0	0	0	0	0	0	0	0	0	0	0	0	0	0	0	0	0	0	0	0	0	0	0	0	0	0	0	0	0	0	0	0	0	0	0	0	0	0	0	0	0	0	0	0	0	0	0	0	0	0	0	0	0	0	0	0	0	0	0	0	0	0	0	0	0	0	0	0	0	0	0	0	0	0	0	0	0	0	0	0	0	0	0	0	0	0	0	0	0	0	0	0
-1.22727272727273	-1.22727272727273	0	0	0	0	0	0	0	0	0	0	0	0	0	0	0	0	0	0	0	0	0	0	0	0	0	0	0	0	0	0	0	0	0	0	0	0	0	0	0	0	0	0	0	0	0	0	0	0	0	0	0	0	0	0	0	0	0	0	0	0	0	0	0	0	0	0	0	0	0	0	0	0	0	0	0	0	0	0	0	0	0	0	0	0	0	0	0	0	0	0	0	0	0	0	0	0	0	0	0	0
-1.1969696969697	-1.1969696969697	0	0	0	0	0	0	0	0	0	0	0	0	0	0	0	0	0	0	0	0	0	0	0	0	0	0	0	0	0	0	0	0	0	0	0	0	0	0	0	0	0	0	0	0	0	0	0	0	0	0	0	0	0	0	0	0	0	0	0	0	0	0	0	0	0	0	0	0	0	0	0	0	0	0	0	0	0	0	0	0	0	0	0	0	0	0	0	0	0	0	0	0	0	0	0	0	0	0	0	0
-1.16666666666667	-1.16666666666667	0	0	0	0	0	0	0	0	0	0	0	0	0	0	0	0	0	0	0	0	0	0	0	0	0	0	0	0	0	0	0	0	0	0	0	0	0	0	0	0	0	0	0	0	0	0	0	0	0	0	0	0	0	0	0	0	0	0	0	0	0	0	0	0	0	0	0	0	0	0	0	0	0	0	0	0	0	0	0	0	0	0	0	0	0	0	0	0	0	0	0	0	0	0	0	0	0	0	0	0
-1.13636363636364	-1.13636363636364	0	0	0	0	0	0	0	0	0	0	0	0	0	0	0	0	0	0	0	0	0	0	0	0	0	0	0	0	0	0	0	0	0	0	0	0	0	0	0	0	0	0	0	0	0	0	0	0	0	0	0	0	0	0	0	0	0	0	0	0	0	0	0	0	0	0	0	0	0	0	0	0	0	0	0	0	0	0	0	0	0	0	0	0	0	0	0	0	0	0	0	0	0	0	0	0	0	0	0	0
-1.10606060606061	-1.10606060606061	0	0	0	0	0	0	0	0	0	0	0	0	0	0	0	0	0	0	0	0	0	0	0	0	0	0	0	0	0	0	0	0	0	0	0	0	0	0	0	0	0	0	0	0	0	0	0	0	0	0	0	0	0	0	0	0	0	0	0	0	0	0	0	0	0	0	0	0	0	0	0	0	0	0	0	0	0	0	0	0	0	0	0	0	0	0	0	0	0	0	0	0	0	0	0	0	0	0	0	0
-1.07575757575758	-1.07575757575758	0	0	0	0	0	0	0	0	0	0	0	0	0	0	0	0	0	0	0	0	0	0	0	0	0	0	0	0	0	0	0	0	0	0	0	0	0	0	0	0	0	0	0	0	0	0	0	0	0	0	0	0	0	0	0	0	0	0	0	0	0	0	0	0	0	0	0	0	0	0	0	0	0	0	0	0	0	0	0	0	0	0	0	0	0	0	0	0	0	0	0	0	0	0	0	0	0	0	0	0
-1.04545454545455	-1.04545454545455	0	0	0	0	0	0	0	0	0	0	0	0	0	0	0	0	0	0	0	0	0	0	0	0	0	0	0	0	0	0	0	0	0	2.72230170858527e-321	4.28771906349451e-318	3.14573153013906e-316	1.0758847366653e-315	1.71537452931834e-316	1.274975924345e-318	4.44659081257122e-322	0	0	0	0	0	0	0	0	0	0	0	0	0	0	0	0	0	0	0	0	0	0	0	0	0	0	0	0	0	0	0	0	0	0	0	0	0	0	0	0	0	0	0	0	0	0	0	0	0	0	0	0	0	0	0	0	0	0	0	0
-1.01515151515152	-1.01515151515152	0	0	0	0	0	0	0	0	0	0	0	0	0	0	0	0	0	0	0	0	0	0	0	0	0	0	0	0	0	0	4.94065645841247e-324	7.92817309975096e-317	5.7414468917186e-311	1.93828897322646e-306	3.05045540015327e-303	2.23799886359957e-301	7.65427634510294e-301	1.22038708819097e-301	9.07069158775994e-304	3.14291568241034e-307	5.07662267222342e-312	3.82267483368998e-318	0	0	0	0	0	0	0	0	0	0	0	0	0	0	0	0	0	0	0	0	0	0	0	0	0	0	0	0	0	0	0	0	0	0	0	0	0	0	0	0	0	0	0	0	0	0	0	0	0	0	0	0	0	0	0	0	0	0
-0.984848484848485	-0.984848484848485	0	0	0	0	0	0	0	0	0	0	0	0	0	0	0	0	0	0	0	0	0	0	0	0	0	0	0	0	0	4.76217030319586e-318	1.58692247647133e-309	2.46521637959323e-302	1.78526759767592e-296	6.02699144370281e-292	9.48520767575629e-289	6.95892557911744e-287	2.38005343977542e-286	3.79472687602763e-287	2.82048519430576e-289	9.77275214267222e-293	1.57855637994197e-297	1.18865011462857e-303	4.17253058357081e-311	6.82798722552603e-320	0	0	0	0	0	0	0	0	0	0	0	0	0	0	0	0	0	0	0	0	0	0	0	0	0	0	0	0	0	0	0	0	0	0	0	0	0	0	0	0	0	0	0	0	0	0	0	0	0	0	0	0	0	0	0	0
-0.954545454545455	-0.954545454545455	0	0	0	0	0	0	0	0	0	0	0	0	0	0	0	0	0	0	0	0	0	0	0	0	0	0	0	0	9.05390674340783e-314	6.47189079137717e-304	2.15665958435563e-295	3.35027906643547e-288	2.42621528981521e-282	8.19080702337059e-278	1.28905995583389e-274	9.45733316701452e-273	3.23454746772645e-272	5.15712683286827e-273	3.83311450283525e-275	1.32814605438881e-278	2.14531206364925e-283	1.61542380264827e-289	5.6706776386613e-297	9.27977689632098e-306	7.07940147200054e-316	0	0	0	0	0	0	0	0	0	0	0	0	0	0	0	0	0	0	0	0	0	0	0	0	0	0	0	0	0	0	0	0	0	0	0	0	0	0	0	0	0	0	0	0	0	0	0	0	0	0	0	0	0	0	0
-0.924242424242424	-0.924242424242424	0	0	0	0	0	0	0	0	0	0	0	0	0	0	0	0	0	0	0	0	0	0	0	0	0	0	4.94065645841247e-323	3.5544628387085e-311	5.37801553060818e-300	3.84415688870493e-290	1.28100701602386e-281	1.9899903042643e-274	1.44111756280457e-268	4.86515759776819e-264	7.65673372448956e-261	5.61745259620075e-259	1.92125359000904e-258	3.06323000037157e-259	2.27679799968865e-261	7.88896209193305e-265	1.27428457457555e-269	9.59544691988693e-276	3.3683538926515e-283	5.51221462386351e-292	4.20526694915122e-302	1.49563157422154e-313	0	0	0	0	0	0	0	0	0	0	0	0	0	0	0	0	0	0	0	0	0	0	0	0	0	0	0	0	0	0	0	0	0	0	0	0	0	0	0	0	0	0	0	0	0	0	0	0	0	0	0	0	0	0
-0.893939393939394	-0.893939393939394	0	0	0	0	0	0	0	0	0	0	0	0	0	0	0	0	0	0	0	0	0	0	0	0	0	1.2672783815828e-320	3.71510412517803e-309	9.53989239875644e-298	1.39634661462327e-286	9.97964754195367e-277	3.32556507944254e-268	5.16612600082217e-261	3.74122284876188e-255	1.26302304025182e-250	1.98773362162919e-247	1.45832546956263e-245	4.98769999361023e-245	7.95236101189879e-246	5.91074485148196e-248	2.04804437997556e-251	3.30817520554791e-256	2.49109921060683e-262	8.74478121606831e-270	1.43108424488832e-278	1.09180232969123e-288	3.88321584668583e-300	6.43897332097007e-313	0	0	0	0	0	0	0	0	0	0	0	0	0	0	0	0	0	0	0	0	0	0	0	0	0	0	0	0	0	0	0	0	0	0	0	0	0	0	0	0	0	0	0	0	0	0	0	0	0	0	0	0	0
-0.863636363636364	-0.863636363636364	0	0	0	0	0	0	0	0	0	0	0	0	0	0	0	0	0	0	0	0	0	0	0	0	8.75533730995273e-320	5.09167351232352e-307	1.41279814045436e-295	1.20788084903118e-284	1.58509028493496e-273	1.13233229368691e-263	3.77331835279712e-255	5.86169357927883e-248	4.24494311655053e-242	1.43307800271703e-237	2.25536645481666e-234	1.65467969986711e-232	5.65927229937436e-232	9.02313590841318e-233	6.70664441569505e-235	2.32383255389464e-238	3.75368172885132e-243	2.82660422124769e-249	9.92270820348418e-257	1.62389159820727e-265	1.23894249214912e-275	4.40677437376245e-287	7.3076541462595e-300	5.64988943805744e-314	0	0	0	0	0	0	0	0	0	0	0	0	0	0	0	0	0	0	0	0	0	0	0	0	0	0	0	0	0	0	0	0	0	0	0	0	0	0	0	0	0	0	0	0	0	0	0	0	0	0	0	0
-0.833333333333333	-0.833333333333333	0	0	0	0	0	0	0	0	0	0	0	0	0	0	0	0	0	0	0	0	0	0	0	1.23714037718648e-320	1.53966918434046e-306	8.94682458697611e-294	2.441802525498e-282	8.19265710875052e-272	7.87360089949799e-261	5.61537307590009e-251	1.87122292178847e-242	2.90686825253169e-235	2.10510786187065e-229	7.10677650237065e-225	1.11845998550892e-221	8.20574481893107e-220	2.80650436526654e-219	4.47470253316787e-220	3.32593825187304e-222	1.15243638918394e-225	1.86154807914103e-230	1.40180818613605e-236	4.92111626080272e-244	8.05387077158474e-253	6.14496422352584e-263	2.18584235759251e-274	3.62509311730691e-287	2.80313231518418e-301	1.01070811543485e-316	0	0	0	0	0	0	0	0	0	0	0	0	0	0	0	0	0	0	0	0	0	0	0	0	0	0	0	0	0	0	0	0	0	0	0	0	0	0	0	0	0	0	0	0	0	0	0	0	0	0	0
-0.803030303030303	-0.803030303030303	0	0	0	0	0	0	0	0	0	0	0	0	0	0	0	0	0	0	0	0	0	0	3.45845952088873e-323	9.52743409364993e-308	1.18407839029168e-293	6.87413930441931e-281	1.86637808405399e-269	3.46643214973376e-259	1.71652458339532e-248	1.21712289725443e-238	4.05575531716724e-230	6.30045266262908e-223	4.56269125466106e-217	1.54035157694102e-212	2.42419936396122e-209	1.77855326744667e-207	6.08297487309052e-207	9.69876737643153e-208	7.20890923370046e-210	2.49790942785517e-213	4.03496972373492e-218	3.03853146366404e-224	1.06672379842889e-231	1.74587099793105e-240	1.33215438977942e-250	4.73908124270564e-262	7.86054298924852e-275	6.07940385036399e-289	2.19262645167939e-304	3.6857297179757e-321	0	0	0	0	0	0	0	0	0	0	0	0	0	0	0	0	0	0	0	0	0	0	0	0	0	0	0	0	0	0	0	0	0	0	0	0	0	0	0	0	0	0	0	0	0	0	0	0	0	0
-0.772727272727273	-0.772727272727273	0	0	0	0	0	0	0	0	0	0	0	0	0	0	0	0	0	0	0	0	0	0	1.21031674148527e-310	3.20991762119468e-295	3.9828551476545e-281	2.30960727798475e-268	6.25769922652553e-257	8.9573440879806e-247	1.65952690905014e-236	1.15307941732228e-226	3.84204293321739e-218	5.96846139520182e-211	4.32227261608555e-205	1.45918905843988e-200	2.29647096011819e-197	1.68484840674982e-195	5.76251280629948e-195	9.18787787929521e-196	6.82923834352551e-198	2.36638418195824e-201	3.82258653321107e-206	2.87867782715244e-212	1.0106460731959e-219	1.65418855347823e-228	1.26230617215787e-238	4.49115733980902e-250	7.45066028551286e-263	5.76389645737325e-277	2.07961577380226e-292	3.50011974351711e-309	0	0	0	0	0	0	0	0	0	0	0	0	0	0	0	0	0	0	0	0	0	0	0	0	0	0	0	0	0	0	0	0	0	0	0	0	0	0	0	0	0	0	0	0	0	0	0	0	0	0
-0.742424242424242	-0.742424242424242	0	0	0	0	0	0	0	0	0	0	0	0	0	0	0	0	0	0	0	0	0	3.17423691931198e-315	1.78959387781663e-298	4.73277651464764e-283	5.86065018064221e-269	3.39373662486271e-256	9.18268562847441e-245	1.20325277514268e-234	7.36153954282429e-225	4.77547066581223e-215	1.59073279384162e-206	2.47113996929623e-199	1.78956591184845e-193	6.04154425157436e-189	9.50820617007277e-186	6.97590012148438e-184	2.38590923889952e-183	3.80417936416817e-184	2.82763586571887e-186	9.7981558913367e-190	1.58280651522608e-194	1.1920105371527e-200	4.18514065977445e-208	6.8506318829024e-217	5.22829989838899e-227	1.86048705504403e-238	3.08722412844052e-251	2.3891388098038e-265	8.62437415025303e-281	1.45259212837223e-297	1.14197695046931e-315	0	0	0	0	0	0	0	0	0	0	0	0	0	0	0	0	0	0	0	0	0	0	0	0	0	0	0	0	0	0	0	0	0	0	0	0	0	0	0	0	0	0	0	0	0	0	0	0	0
-0.712121212121212	-0.712121212121212	0	0	0	0	0	0	0	0	0	0	0	0	0	0	0	0	0	0	0	0	1.73417041690278e-321	2.06594011924261e-303	1.15911179476242e-286	3.0547305410473e-271	3.77335770107822e-257	2.18124064618321e-244	5.89414658151736e-233	7.517110024295e-223	1.64662416896414e-213	8.65025362403207e-204	2.87857633750084e-195	4.47174202863989e-188	3.23838054056033e-182	1.09327468455739e-177	1.72060660135916e-174	1.26236707384942e-172	4.31760406493121e-172	6.88422310243745e-173	5.1171100334902e-175	1.77319388724154e-178	2.86454118508239e-183	2.15739456611746e-189	7.57515901317136e-197	1.24010641382944e-205	9.46577757888918e-216	3.36914795002807e-227	5.59245813871422e-240	4.32992007534289e-254	1.56408487174747e-269	2.63693983076993e-286	2.0759782436363e-304	4.94065645841247e-324	0	0	0	0	0	0	0	0	0	0	0	0	0	0	0	0	0	0	0	0	0	0	0	0	0	0	0	0	0	0	0	0	0	0	0	0	0	0	0	0	0	0	0	0	0	0	0	0
-0.681818181818182	-0.681818181818182	0	0	0	0	0	0	0	0	0	0	0	0	0	0	0	0	0	0	0	0	4.99211862412791e-310	5.89889435440102e-292	3.29022692615051e-275	8.6342170846444e-260	1.06329959962955e-245	6.13332419335029e-233	1.65479409051043e-221	2.09240834371481e-211	2.18382313959611e-202	6.86571865837317e-193	2.27670584951145e-184	3.53672056102401e-177	2.56125565959414e-171	8.64680943477064e-167	1.36085050949052e-163	9.9843026644982e-162	3.41491259289692e-161	5.4450079772302e-162	4.04741928786315e-164	1.40256805405148e-167	2.26591420604793e-172	1.70666352885989e-178	5.99312615590558e-186	9.81258306789182e-195	7.49154585240913e-205	2.66726682391974e-216	4.42933721201159e-229	3.43154394968062e-243	1.24069310589548e-258	2.09445591518622e-275	1.65198513176205e-293	6.0937810888267e-313	0	0	0	0	0	0	0	0	0	0	0	0	0	0	0	0	0	0	0	0	0	0	0	0	0	0	0	0	0	0	0	0	0	0	0	0	0	0	0	0	0	0	0	0	0	0	0	0
-0.651515151515151	-0.651515151515151	0	0	0	0	0	0	0	0	0	0	0	0	0	0	0	0	0	0	0	2.56470958953129e-318	6.31721038059872e-299	7.39474967121907e-281	4.09552597921723e-264	1.06919445617079e-248	1.31180211423145e-234	7.54667054467513e-222	2.03229559027684e-210	2.5609041056565e-200	1.83526561320619e-191	2.40295957395714e-182	7.87038000222028e-174	1.22255840708465e-166	8.8536664281249e-161	2.98901567790266e-156	4.70419959542361e-153	3.45141692576187e-151	1.18049894667416e-150	1.8823210249914e-151	1.39922204127551e-153	4.84899345691723e-157	7.83427731359619e-162	5.9012453009467e-168	2.07256177868435e-175	3.39407766275803e-184	2.59198139787777e-194	9.23215795041248e-206	1.53401661140305e-218	1.18945447133453e-232	4.30576601639402e-248	7.28138665082741e-265	5.75743929051418e-283	2.13128993842595e-302	3.45845952088873e-323	0	0	0	0	0	0	0	0	0	0	0	0	0	0	0	0	0	0	0	0	0	0	0	0	0	0	0	0	0	0	0	0	0	0	0	0	0	0	0	0	0	0	0	0	0	0	0
-0.621212121212121	-0.621212121212121	0	0	0	0	0	0	0	0	0	0	0	0	0	0	0	0	0	0	0	1.44837658139738e-307	3.51830678262452e-288	4.07329239378802e-270	2.23703646180468e-253	5.80365059593144e-238	7.08817981807834e-224	4.06447566053327e-211	1.09202048628661e-199	1.37299726745666e-189	8.56311709572428e-181	3.7892425636658e-172	1.18927571446841e-163	1.84707182323408e-156	1.33763914006499e-150	4.51592588728339e-146	7.10736159823847e-143	5.2146597191365e-141	1.78362137056841e-140	2.84408837653366e-141	2.11423807516883e-143	7.32731241869859e-147	1.18393944842521e-151	8.91925156742153e-158	3.13307400595954e-165	5.13213856592716e-174	3.9207796102635e-184	1.39727061659298e-195	2.32353251432627e-208	1.8036730134498e-222	6.53981367938805e-238	1.10850182780174e-254	8.79392313056685e-273	3.27048006790213e-292	5.71453567838428e-313	0	0	0	0	0	0	0	0	0	0	0	0	0	0	0	0	0	0	0	0	0	0	0	0	0	0	0	0	0	0	0	0	0	0	0	0	0	0	0	0	0	0	0	0	0	0	0
-0.590909090909091	-0.590909090909091	0	0	0	0	0	0	0	0	0	0	0	0	0	0	0	0	0	0	7.24756753460025e-318	3.60995829350663e-297	8.63305944041953e-278	9.86839165693191e-260	5.3660711808905e-243	1.38173375026042e-227	1.67825239188346e-213	9.58500200337664e-201	2.56791864131002e-189	3.22161031142815e-179	1.92275103420144e-170	2.87399521150162e-162	7.85784157265763e-154	1.21967509961336e-146	8.83285146271911e-141	2.98203359620554e-136	4.69331388394563e-133	3.44353955044682e-131	1.17785879377308e-130	1.8782363689122e-131	1.39632039581197e-133	4.83961372136326e-137	7.82070411121654e-142	5.89274537579753e-148	2.07045295208976e-155	3.39270055129301e-164	2.59322240280864e-174	9.24837554956009e-186	1.53953988413488e-198	1.19689640325617e-212	4.34913835309569e-228	7.39452100933282e-245	5.89171144699116e-263	2.20445645976536e-282	3.88407244354966e-303	0	0	0	0	0	0	0	0	0	0	0	0	0	0	0	0	0	0	0	0	0	0	0	0	0	0	0	0	0	0	0	0	0	0	0	0	0	0	0	0	0	0	0	0	0	0	0
-0.560606060606061	-0.560606060606061	0	0	0	0	0	0	0	0	0	0	0	0	0	0	0	0	0	0	8.13653182168999e-308	3.97477178423234e-287	9.34281866456386e-268	1.05260882403814e-249	5.6577435735779e-233	1.44390007376058e-217	1.74211344201949e-203	9.9014327503445e-191	2.64343575589832e-179	3.30797221975795e-169	1.94666841604803e-160	1.21025024293123e-152	2.27267690753842e-144	3.52008472218771e-137	2.54923451422985e-131	8.60649766860175e-127	1.35456820409924e-123	9.93886983283704e-122	3.3996998875166e-121	5.421505903011e-122	4.03076161133125e-124	1.39720313868197e-127	2.25820035142148e-132	1.7018932729945e-138	5.98166033770077e-146	9.80633370054524e-155	7.50060581567681e-165	2.6776115601472e-176	4.46359164773792e-189	3.47716524644859e-203	1.26712231119497e-218	2.16315539935603e-235	1.7333452933738e-253	6.53651209511377e-273	1.16393859321671e-293	9.82697770157759e-316	0	0	0	0	0	0	0	0	0	0	0	0	0	0	0	0	0	0	0	0	0	0	0	0	0	0	0	0	0	0	0	0	0	0	0	0	0	0	0	0	0	0	0	0	0	0
-0.53030303030303	-0.53030303030303	0	0	0	0	0	0	0	0	0	0	0	0	0	0	0	0	0	4.0725831186694e-320	4.04175288470868e-298	1.93488890002103e-277	4.46388953612989e-258	4.94841566697625e-240	2.62455043322144e-223	6.62818878394654e-208	7.93367403913197e-194	4.48267080243551e-181	1.19165875596145e-169	1.48666442932198e-159	8.69927069323952e-151	3.23218818613395e-143	2.88851056798127e-135	4.44035751941905e-128	3.21563384845046e-122	1.08565049785012e-117	1.70873358364986e-114	1.25379004230014e-112	4.28893193954189e-112	6.84003885693574e-113	5.08591697777729e-115	1.76321264758788e-118	2.85035360758751e-123	2.14882164087769e-129	7.5557956134275e-137	1.23948115915076e-145	9.48911229661268e-156	3.39192367164659e-167	5.66498218765317e-180	4.42488879199068e-194	1.61861087447102e-209	2.7779306140597e-226	2.24240794907054e-244	8.54113758030615e-264	1.5411567289559e-284	1.32342087232449e-306	0	0	0	0	0	0	0	0	0	0	0	0	0	0	0	0	0	0	0	0	0	0	0	0	0	0	0	0	0	0	0	0	0	0	0	0	0	0	0	0	0	0	0	0	0	0
-0.5	-0.5	0	0	0	0	0	0	0	0	0	0	0	0	0	0	0	0	0	9.13290264800937e-311	8.88441829274669e-289	4.16660712680848e-268	9.42461789138214e-249	1.0263601966031e-230	5.36216775488627e-214	1.3378106563051e-198	1.58627008524205e-184	8.89944284590937e-172	2.35354051642965e-160	2.92519903929845e-150	1.70545146999737e-141	5.12380546385843e-134	1.63507898788913e-126	2.44829012851158e-119	1.77285324364601e-113	5.98556619843351e-109	9.42112744307583e-106	6.91309673641901e-104	2.36496605177315e-103	3.77202684065145e-104	2.80507204073165e-106	9.72666950398106e-110	1.57282615438842e-114	1.18620405387011e-120	4.17344639026063e-128	6.85208925022311e-137	5.25216805889018e-147	1.88069755189697e-158	3.14887982397698e-171	2.46830202619428e-185	9.07404065775388e-201	1.56812489501819e-217	1.27781022371341e-235	4.92852524351722e-255	9.03814192727397e-276	7.91848304992335e-298	3.33000245297e-321	0	0	0	0	0	0	0	0	0	0	0	0	0	0	0	0	0	0	0	0	0	0	0	0	0	0	0	0	0	0	0	0	0	0	0	0	0	0	0	0	0	0	0	0	0
-0.46969696969697	-0.46969696969697	0	0	0	0	0	0	0	0	0	0	0	0	0	0	0	0	0	9.05314065764884e-302	8.64033330836348e-280	3.97029395892217e-259	8.79921614716461e-240	9.40145878452072e-222	4.8301433180584e-205	1.18841635731838e-189	1.39365300477981e-175	7.75305405467009e-163	2.03753816714639e-151	2.52089875237458e-141	1.46452633255778e-132	4.09970999499282e-125	4.3045660596636e-118	5.90162819492281e-111	4.27199307514408e-105	1.44236345211422e-100	2.27033673002885e-97	1.66604219772194e-95	5.70001330488792e-95	9.09243390523974e-96	6.7628249477536e-98	2.34564446485401e-101	3.7944023351604e-106	2.86325340428473e-112	1.00817984971594e-119	1.65714106561191e-128	1.272280566883e-138	4.566407022629e-150	7.67093506236631e-163	6.04106948639627e-177	2.23528203350103e-192	3.89733426798949e-209	3.21376704241215e-227	1.25883876371606e-246	2.35349371517594e-267	2.10989072893609e-289	9.10387668556378e-313	0	0	0	0	0	0	0	0	0	0	0	0	0	0	0	0	0	0	0	0	0	0	0	0	0	0	0	0	0	0	0	0	0	0	0	0	0	0	0	0	0	0	0	0	0
-0.439393939393939	-0.439393939393939	0	0	0	0	0	0	0	0	0	0	0	0	0	0	0	0	2.02251582337109e-316	3.96328157335943e-293	3.71590125680325e-271	1.67408277037794e-250	3.634671888664e-231	3.80646724253915e-213	1.92027383597129e-196	4.65127188450274e-181	5.38538634729503e-167	2.96625096389279e-154	7.73699724348364e-143	9.51951827684363e-133	5.50786188648845e-124	1.50682570695301e-116	5.89879810485002e-110	6.22356742932592e-103	4.49928495434245e-97	1.51915474946808e-92	2.39134202206399e-89	1.75498075879916e-87	6.00499727191834e-87	9.58054685047329e-88	7.12761412593861e-90	2.47304086566933e-93	4.00252056817757e-98	3.02251789099215e-104	1.06538415538102e-111	1.7538276811436e-120	1.34943875314456e-130	4.85831784618742e-142	8.19694406836303e-155	6.49468902605489e-169	2.42329195116041e-184	4.27290430524524e-201	3.57564559419904e-219	1.42678152729893e-238	2.72763248747828e-259	2.50820768453579e-281	1.11206595459685e-304	0	0	0	0	0	0	0	0	0	0	0	0	0	0	0	0	0	0	0	0	0	0	0	0	0	0	0	0	0	0	0	0	0	0	0	0	0	0	0	0	0	0	0	0	0
-0.409090909090909	-0.409090909090909	0	0	0	0	0	0	0	0	0	0	0	0	0	0	0	0	3.95894830971042e-308	7.65506457349442e-285	7.06180422214099e-263	3.12259394728453e-242	6.64377757349135e-223	6.81652487304799e-205	3.37257036409569e-188	8.0290355404688e-173	9.16231627036578e-159	4.98829483143208e-146	1.28953604423644e-134	1.57606785810567e-124	9.07432485246464e-116	2.45971258015478e-108	4.95228776165197e-102	2.87808264067843e-95	2.07118619781956e-89	6.99345805534822e-85	1.10094106033903e-81	8.08056533841526e-80	2.76535088348271e-79	4.41292113692259e-80	3.28414535022052e-82	1.14002686130124e-85	1.84634994276287e-90	1.3956502716943e-96	4.92637911511184e-104	8.12619574061078e-113	6.27054067390844e-123	2.26676687519073e-134	3.84634268025714e-147	3.07161815910263e-161	1.15831785896872e-176	2.07117025345108e-193	1.76425052272295e-211	7.19347394615313e-231	1.40983751338783e-251	1.33183946735537e-273	6.06861619628945e-297	1.33397724377137e-321	0	0	0	0	0	0	0	0	0	0	0	0	0	0	0	0	0	0	0	0	0	0	0	0	0	0	0	0	0	0	0	0	0	0	0	0	0	0	0	0	0	0	0	0
-0.378787878787879	-0.378787878787879	0	0	0	0	0	0	0	0	0	0	0	0	0	0	0	0	3.40954556776635e-300	6.51666470024237e-277	5.92506555262718e-255	2.57507875497753e-234	5.3734037479926e-215	5.40118521268999e-197	2.6187674400669e-180	6.11903996065259e-165	6.87034769723484e-151	3.69085785684953e-138	9.44158244505602e-127	1.14476915576735e-116	6.55222413456032e-108	1.76561899349371e-100	2.60061686551556e-94	5.88554905862185e-88	4.1675095201021e-82	1.40718475513631e-77	2.21547431366836e-74	1.62632612089067e-72	5.56682595950638e-72	8.88619599826778e-73	6.61611863002801e-75	2.2981159524018e-78	3.7253619384173e-83	2.81969818414581e-89	9.97178077156372e-97	1.64930017061515e-105	1.27752867478775e-115	4.64291680476934e-127	7.93668667648188e-140	6.40195995330157e-154	2.44645763116125e-169	4.44944494943093e-186	3.86996091317805e-204	1.61673038040495e-223	3.25423022015736e-244	3.15960312097186e-266	1.47810588383166e-289	3.32142778212696e-314	0	0	0	0	0	0	0	0	0	0	0	0	0	0	0	0	0	0	0	0	0	0	0	0	0	0	0	0	0	0	0	0	0	0	0	0	0	0	0	0	0	0	0	0
-0.348484848484848	-0.348484848484848	0	0	0	0	0	0	0	0	0	0	0	0	0	0	0	3.22199525619829e-317	1.29068637475799e-292	2.44245177889777e-269	2.19258744979798e-247	9.38119683780732e-227	1.92219191435684e-207	1.89384178418421e-189	8.99535429461455e-173	2.06073927932501e-157	2.27296578620815e-143	1.20277053439679e-130	3.03951296494838e-119	3.65065417482685e-109	2.07470397035715e-100	5.55910838634693e-93	7.32451058069841e-87	5.47320396528008e-81	3.66584108982697e-75	1.23762316570325e-70	1.94877718138112e-67	1.43083036662446e-65	4.89904214377995e-65	7.82343005935883e-66	5.82829137502292e-68	2.02618857793119e-71	3.28858067960722e-76	2.49347818161378e-82	8.84025150494601e-90	1.46735763030507e-98	1.14229266060131e-108	4.18031877548405e-120	7.21379792151964e-133	5.89255790241707e-147	2.28864435122763e-162	4.24694616504354e-179	3.78235429329887e-197	1.62226004179163e-216	3.35607636955165e-237	3.34659415825753e-259	1.6041356961024e-282	3.68071501609502e-307	0	0	0	0	0	0	0	0	0	0	0	0	0	0	0	0	0	0	0	0	0	0	0	0	0	0	0	0	0	0	0	0	0	0	0	0	0	0	0	0	0	0	0	0
-0.318181818181818	-0.318181818181818	0	0	0	0	0	0	0	0	0	0	0	0	0	0	0	5.39011918770874e-310	2.14570374118645e-285	4.02633656484292e-262	3.57476912631235e-240	1.50836883635338e-219	3.03930209784657e-200	2.93791106669954e-182	1.36726989549167e-165	3.06899756809081e-150	3.32104378472584e-136	1.72813974325927e-123	4.30669068751444e-112	5.11568405983917e-102	2.88278720265141e-93	7.6749079806605e-86	9.74467729790617e-80	2.51152180355074e-74	1.41026691444878e-68	4.75791374798453e-64	7.49320026265884e-61	5.50310264748315e-59	1.88493312809875e-58	3.01176221864764e-59	2.24547865032476e-61	7.81524941303826e-65	1.27052187908062e-69	9.65594148747934e-76	3.43475557036274e-83	5.72793610939071e-92	4.48813461627884e-102	1.65716765859711e-113	2.89399752680652e-126	2.40083039635562e-140	9.50682605949785e-156	1.80523867994062e-172	1.64993812504889e-190	7.27267892130886e-210	1.54566812696602e-230	1.58015975219635e-252	7.73979829144387e-276	1.80779849904146e-300	0	0	0	0	0	0	0	0	0	0	0	0	0	0	0	0	0	0	0	0	0	0	0	0	0	0	0	0	0	0	0	0	0	0	0	0	0	0	0	0	0	0	0	0
-0.287878787878788	-0.287878787878788	0	0	0	0	0	0	0	0	0	0	0	0	0	0	0	3.95267685168435e-303	1.56532831847696e-278	2.91655162223752e-255	2.5651497797949e-233	1.0692757339211e-212	2.12232246608701e-193	2.01540595868536e-175	9.19610176682763e-159	2.02214988465253e-143	2.14482794360192e-129	1.09588412379506e-116	2.68855550201231e-105	3.15302528885313e-95	1.75913589219313e-86	4.64801739381447e-79	5.81454591502418e-73	6.66684091501771e-68	2.37639009013326e-62	7.99566435960779e-58	1.25951947569003e-54	9.25334369825968e-53	3.17109325212895e-52	5.07053700866527e-53	3.78445378374775e-55	1.31916464962625e-58	2.14924001896077e-63	1.63848953057848e-69	5.85388865872222e-77	9.8219412366555e-86	7.76079990072781e-96	2.89804224549822e-107	5.13616530718756e-120	4.34078788358655e-134	1.75770239448592e-149	3.42363509794252e-166	3.21533102235503e-184	1.45632055586744e-203	3.17482690777563e-224	3.31898276208263e-246	1.65614052996015e-269	3.9257050782397e-294	4.40113677315382e-320	0	0	0	0	0	0	0	0	0	0	0	0	0	0	0	0	0	0	0	0	0	0	0	0	0	0	0	0	0	0	0	0	0	0	0	0	0	0	0	0	0	0	0
-0.257575757575758	-0.257575757575758	0	0	0	0	0	0	0	0	0	0	0	0	0	0	1.48219693752374e-322	1.26994784719909e-296	5.0076939629299e-272	9.27554911338933e-249	8.09323553966964e-227	3.33846193753962e-206	6.53857321263877e-187	6.10942859998886e-169	2.73612385880542e-152	5.89602889969236e-137	6.12671846916708e-123	3.07008681843044e-110	7.40268641520121e-99	8.55625691611442e-89	4.71846884153007e-80	1.23558477875383e-72	1.53135231222345e-66	1.13306923474963e-61	1.7632554360434e-56	5.87401078439599e-52	9.25561827223512e-49	6.8030738449403e-47	2.33299251149363e-46	3.73411175412223e-47	2.79095555735559e-49	9.74834746945174e-53	1.59284417466513e-57	1.21929264412034e-63	4.38119885004743e-71	7.40918899080254e-80	5.91708701097236e-90	2.24075522129581e-101	4.04260025941054e-114	3.4912716977577e-128	1.44935917402293e-143	2.90021110474594e-160	2.79921341132778e-178	1.30110810708089e-197	2.90251746569078e-218	3.09354854236092e-240	1.56772673868928e-263	3.76068023985636e-288	4.25385850024478e-314	0	0	0	0	0	0	0	0	0	0	0	0	0	0	0	0	0	0	0	0	0	0	0	0	0	0	0	0	0	0	0	0	0	0	0	0	0	0	0	0	0	0	0
-0.227272727272727	-0.227272727272727	0	0	0	0	0	0	0	0	0	0	0	0	0	0	2.12955652892641e-316	1.78696183300057e-290	7.02148923142108e-266	1.29421168349335e-242	1.12172674957868e-220	4.58599895660444e-200	8.87842890922333e-181	8.1764017683326e-163	3.59916835274287e-146	7.60659358153152e-131	7.74374170074724e-117	3.80258928636748e-104	8.99899745444768e-93	1.02336799060412e-82	5.5685230622156e-74	1.44289961154789e-66	1.77272570155086e-60	1.10538334227693e-55	5.86595233124083e-51	1.88679041698744e-46	2.97379068339074e-43	2.18718614535839e-41	7.50746025652678e-41	1.20320848756759e-41	9.01008017841584e-44	3.1555777237866e-47	5.17583944376776e-52	3.98329511048277e-58	1.4419363868911e-65	2.46316026942082e-74	1.99347753127333e-84	7.67886006622639e-96	1.41461341278318e-108	1.25177988169829e-122	5.33714042155241e-138	1.097647776916e-154	1.08766608042799e-172	5.17673414991048e-192	1.1782722816606e-212	1.27636800726941e-234	6.55020449047243e-258	1.58619942072257e-282	1.80671035452557e-308	0	0	0	0	0	0	0	0	0	0	0	0	0	0	0	0	0	0	0	0	0	0	0	0	0	0	0	0	0	0	0	0	0	0	0	0	0	0	0	0	0	0	0
-0.196969696969697	-0.196969696969697	0	0	0	0	0	0	0	0	0	0	0	0	0	0	1.31493203868673e-310	1.10098255174667e-284	4.31326395190977e-260	7.91794954201385e-237	6.82450831836926e-215	2.76913383452273e-194	5.30787539246196e-175	4.82628284762185e-157	2.0915186327091e-140	4.34044355973378e-125	4.33116050912547e-111	2.08351971059153e-98	4.83419907016171e-87	5.40041664086926e-77	2.89444882646538e-68	7.40891264753687e-61	9.01472415617126e-55	5.30064080677225e-50	9.26029201814834e-46	2.65088096628932e-41	4.17807599211966e-38	3.07552189339566e-36	1.05696381562008e-35	1.69696911020535e-36	1.27395760134843e-38	4.4777059046206e-42	7.38135513465478e-47	5.7203207098934e-53	2.0904704961326e-60	3.61637514161784e-69	2.97481900941919e-79	1.16921666756806e-90	2.20564978768511e-103	2.00384311531605e-117	8.78105035379551e-133	1.85473018558573e-149	1.88306335949018e-167	9.15125327302478e-187	2.11860677439523e-207	2.32566015862458e-229	1.20554482134095e-252	2.94103589460409e-277	3.36791044849466e-303	0	0	0	0	0	0	0	0	0	0	0	0	0	0	0	0	0	0	0	0	0	0	0	0	0	0	0	0	0	0	0	0	0	0	0	0	0	0	0	0	0	0	0
-0.166666666666667	-0.166666666666667	0	0	0	0	0	0	0	0	0	0	0	0	0	0	3.55480240371868e-305	2.97028663094704e-279	1.16062069941405e-254	2.12320147857861e-231	1.82142658509163e-209	7.34387732663659e-189	1.39578171783896e-169	1.25518342588468e-151	5.36428454187289e-135	1.09474462318223e-119	1.07177065596094e-105	5.05166987403067e-93	1.14840348012056e-81	1.25862706548857e-71	6.6334497512537e-63	1.67440379554397e-55	2.01471545275265e-49	1.1572262292013e-44	7.94098181501292e-41	1.63093558126238e-36	2.56733270361392e-33	1.89194781264741e-31	6.51273239938598e-31	1.04808485152802e-31	7.89451159528183e-34	2.78781871775433e-37	4.62574440368669e-42	3.616993220724e-48	1.33771837625194e-55	2.35036898939466e-64	1.97125039953806e-74	7.92854992991266e-86	1.53495069286776e-98	1.433157183941e-112	6.45182431451426e-128	1.39707398902456e-144	1.44937338139736e-162	7.16988352044707e-182	1.68328819320218e-202	1.86757415852561e-224	9.75762977791586e-248	2.3942062933759e-272	2.7531407520291e-298	0	0	0	0	0	0	0	0	0	0	0	0	0	0	0	0	0	0	0	0	0	0	0	0	0	0	0	0	0	0	0	0	0	0	0	0	0	0	0	0	0	0	0
-0.136363636363636	-0.136363636363636	0	0	0	0	0	0	0	0	0	0	0	0	0	0	4.21192887226004e-300	3.5109819997737e-274	1.36831431463736e-249	2.49523774974081e-226	2.13186248525563e-204	8.54907322022234e-184	1.61313992417796e-164	1.43690361669756e-146	6.06634273444682e-130	1.21947043382189e-114	1.17284461037344e-100	5.41994211953571e-88	1.20702338468142e-76	1.29661484039958e-66	6.70981696180813e-58	1.66728231363142e-50	1.98057158324231e-44	1.12150356166459e-39	4.31046560020558e-36	4.41055062457847e-32	6.90149271404184e-29	5.09326610135409e-27	1.75710904325271e-26	2.83650351257202e-27	2.14594688905832e-29	7.6246255160941e-33	1.27582093723855e-37	1.00894884631019e-43	3.78710188099328e-51	6.77897410911103e-60	5.81420652329421e-70	2.39882778821114e-81	4.77212279636285e-94	4.57840944657341e-108	2.11415992802541e-123	4.68129544502559e-140	4.94747925129066e-158	2.48379745053066e-177	5.89751894634015e-198	6.59864897373665e-220	3.46910914441398e-243	8.55084772037926e-268	9.86588525917488e-294	5.32108700571023e-321	0	0	0	0	0	0	0	0	0	0	0	0	0	0	0	0	0	0	0	0	0	0	0	0	0	0	0	0	0	0	0	0	0	0	0	0	0	0	0	0	0	0
-0.106060606060606	-0.106060606060606	0	0	0	0	0	0	0	0	0	0	0	0	0	1.23516411460312e-322	2.19355320815401e-295	1.82176063054455e-269	7.07615416041024e-245	1.28599179238508e-221	1.09441857004627e-199	4.36748629408861e-179	8.18942085792955e-160	7.23495283002172e-142	3.02210223777153e-125	5.99407824038169e-110	5.67191677499131e-96	2.57252830908972e-83	5.61412993233964e-72	5.90819794445104e-62	2.99842217806502e-53	7.32255127128178e-46	8.57261465548323e-40	4.79204125430891e-35	1.4297967002512e-31	5.30873059343391e-28	8.11974881961224e-25	6.00297487353921e-23	2.07694124153587e-22	3.36659707512259e-23	2.56165255904188e-25	9.17395779270176e-29	1.55156986695107e-33	1.24439172585131e-39	4.75496041519231e-47	8.69794448302678e-56	7.64847835514368e-66	3.24194770713165e-77	6.62813878738813e-90	6.52591785677664e-104	3.08364660613192e-119	6.96141934788663e-136	7.47236065691248e-154	3.79670357002758e-173	9.09699007766245e-194	1.0247560002835e-215	5.41480895510043e-239	1.33988395740677e-263	1.55087537768199e-289	8.39065461105051e-317	0	0	0	0	0	0	0	0	0	0	0	0	0	0	0	0	0	0	0	0	0	0	0	0	0	0	0	0	0	0	0	0	0	0	0	0	0	0	0	0	0	0
-0.0757575757575757	-0.0757575757575757	0	0	0	0	0	0	0	0	0	0	0	0	0	2.87599564969356e-318	5.05763099831249e-291	4.17003596392556e-265	1.61054047644569e-240	2.91274223699708e-217	2.46736257471375e-195	9.79753715386857e-175	1.82634328755088e-155	1.60166059314799e-137	6.62778479188344e-121	1.29901920590666e-105	1.21128271360642e-91	5.39914512207552e-79	1.15551297509551e-67	1.19127967808742e-57	5.92429522218109e-49	1.41992161300891e-41	1.63546199917852e-35	9.01689608998794e-31	2.45549815716095e-27	2.96032193832227e-24	4.18425861890158e-21	3.09933268499044e-19	1.07640339751519e-18	1.75418992387104e-19	1.34473247481127e-21	4.86470151432004e-25	8.3381627378839e-30	6.80261357278537e-36	2.65437275126537e-43	4.97530307737318e-52	4.4934923813635e-62	1.95763146056483e-73	4.10921117442068e-86	4.14299151496358e-100	1.99757881295413e-115	4.58406550755422e-132	4.98405303965308e-150	2.55742793132814e-169	6.17386385691884e-190	6.99555457162963e-212	3.71427261796059e-235	9.23078215173626e-260	1.07314111497732e-285	5.83525562824028e-313	0	0	0	0	0	0	0	0	0	0	0	0	0	0	0	0	0	0	0	0	0	0	0	0	0	0	0	0	0	0	0	0	0	0	0	0	0	0	0	0	0	0
-0.0454545454545454	-0.0454545454545454	0	0	0	0	0	0	0	0	0	0	0	0	0	3.05041537933165e-314	5.25121733879639e-287	4.26210735892975e-261	1.62696514737184e-236	2.91619288476057e-213	2.45231863680481e-191	9.6744093479791e-171	1.79162406074596e-151	1.55980688799103e-133	6.39861782121496e-117	1.2406869818837e-101	1.14163048227164e-87	5.00794476776657e-75	1.05218429993778e-63	1.06309645906355e-53	5.17862149363106e-45	1.21680406557754e-37	1.37668656381832e-31	7.47481763616438e-27	1.96263762367581e-23	8.50907279967321e-21	9.46046134959246e-18	7.01514794467147e-16	2.44840449678589e-15	4.01804986634566e-16	3.10963401636517e-18	1.13928178391784e-21	1.9848889405958e-26	1.65240439105046e-32	6.60284340028429e-40	1.27073777389924e-48	1.17966177034613e-58	5.27873834105796e-70	1.13547242557011e-82	1.16920821214758e-96	5.73619210530351e-112	1.33469893467312e-128	1.46704390254059e-146	7.59317278921412e-166	1.84630226460848e-186	2.10568518745382e-208	1.12539675021202e-231	2.81788510748525e-256	3.30670276538604e-282	1.82031205558536e-309	0	0	0	0	0	0	0	0	0	0	0	0	0	0	0	0	0	0	0	0	0	0	0	0	0	0	0	0	0	0	0	0	0	0	0	0	0	0	0	0	0	0
-0.0151515151515151	-0.0151515151515151	0	0	0	0	0	0	0	0	0	0	0	0	0	1.5438931697347e-310	2.54553303954318e-283	1.99864296888201e-257	7.44095668586434e-233	1.30896341164616e-209	1.08519609543097e-187	4.23327557258254e-167	7.76536462845905e-148	6.70056909770269e-130	2.7232968460458e-113	5.22527390132649e-98	4.74865110326597e-84	2.05236173268496e-71	4.23782707315237e-60	4.19916783711106e-50	2.00367009367235e-41	4.61197604925235e-34	5.11855880373691e-28	2.73244605164885e-23	7.02288677968189e-20	1.48860069454823e-17	9.42607336894262e-15	6.96846830969566e-13	2.44736042149594e-12	4.05245254726918e-13	3.17413122284806e-15	1.18117677957101e-18	2.09832140115505e-23	1.78777135153404e-29	7.33230757192604e-37	1.45048356876925e-45	1.38365703593218e-55	6.34988065077069e-67	1.39647744813271e-79	1.46499060891859e-93	7.2978242156695e-109	1.71943658132446e-125	1.91009932158787e-143	9.98264911345104e-163	2.45127732544121e-183	2.826900019269e-205	1.53174012985237e-228	3.9046271788072e-253	4.6930038219023e-279	2.66782019765978e-306	0	0	0	0	0	0	0	0	0	0	0	0	0	0	0	0	0	0	0	0	0	0	0	0	0	0	0	0	0	0	0	0	0	0	0	0	0	0	0	0	0	0
0.0151515151515151	0.0151515151515151	0	0	0	0	0	0	0	0	0	0	0	0	0	3.98918378697128e-307	6.1258376435789e-280	4.5282222633724e-254	1.60540341305346e-229	2.71795020840847e-206	2.18801100478326e-184	8.34551873513932e-164	1.5043045274737e-144	1.27961531351956e-126	5.1355467571041e-110	9.73378442628095e-95	8.73170574102765e-81	3.71912864070006e-68	7.55214603522529e-57	7.34343784071508e-47	3.43299231723791e-38	7.73737101968827e-31	8.41427489693996e-25	4.40938296546993e-20	1.11275262653956e-16	1.65145492337617e-14	4.1904978773195e-12	3.04264892044582e-10	1.07673659768292e-09	1.80318990076076e-10	1.43351322728359e-12	5.43533424116368e-16	9.87586511818476e-21	8.63329591044563e-27	3.6397763751071e-34	7.40268933994436e-43	7.24941071166338e-53	3.40626321968836e-64	7.64572068504171e-77	8.16242325013286e-91	4.12887870134724e-106	9.86770608083701e-123	1.11225024305789e-140	5.90900293981274e-160	1.48036763676781e-180	1.75178122347383e-202	9.8182236139193e-226	2.61598466318796e-250	3.32792136514898e-276	2.03031469438477e-303	0	0	0	0	0	0	0	0	0	0	0	0	0	0	0	0	0	0	0	0	0	0	0	0	0	0	0	0	0	0	0	0	0	0	0	0	0	0	0	0	0	0
0.0454545454545454	0.0454545454545454	0	0	0	0	0	0	0	0	0	0	0	0	0	5.52710075486666e-304	7.80338503328025e-277	5.31126957415162e-251	1.74488550428913e-226	2.7642064435853e-203	2.10571223255206e-181	7.68397423560762e-161	1.33780630952648e-141	1.10747517554191e-123	4.34894734259177e-107	8.09272157080998e-92	7.13890138939204e-78	2.99062055654073e-65	5.96728047217684e-54	5.69287204838155e-44	2.60717778923685e-35	5.75124704575374e-28	6.12241646796388e-22	3.14483650577351e-17	7.78963365778418e-14	1.00354287179435e-11	8.61147684518865e-10	5.85447606674201e-08	2.08919933264328e-07	3.54813452390471e-08	2.87202802177974e-10	1.11315528446123e-13	2.07464967821116e-18	1.86465660502971e-24	8.08883683391441e-32	1.69137414614362e-40	1.69959316811452e-50	8.17505920618429e-62	1.87478069220918e-74	2.04307920932912e-88	1.05569560679399e-103	2.58425253769642e-120	2.99854224684485e-138	1.6523172668847e-157	4.33736659746464e-178	5.44493651429488e-200	3.28202255847721e-223	9.53046086325744e-248	1.33559298576322e-273	9.02970480159043e-301	0	0	0	0	0	0	0	0	0	0	0	0	0	0	0	0	0	0	0	0	0	0	0	0	0	0	0	0	0	0	0	0	0	0	0	0	0	0	0	0	0	0
0.0757575757575757	0.0757575757575757	0	0	0	0	0	0	0	0	0	0	0	0	0	4.03342315162019e-301	5.32331909542181e-274	3.35382008266245e-248	1.01354149722747e-223	1.4751251958973e-200	1.03646189600153e-178	3.51701639561699e-158	5.7543336703434e-139	4.52617932466141e-121	1.70572437071641e-104	3.07072423856376e-89	2.63580937740793e-75	1.07830437708169e-62	2.10472531761142e-51	1.9648197653262e-41	8.8010199133017e-33	1.89787232767787e-25	1.97512725375743e-19	9.92843521482942e-15	2.41031538507117e-11	2.92466563749119e-09	8.93159288030578e-08	4.98782412592057e-06	1.79230239769155e-05	3.09609104708583e-06	2.56058306027933e-08	1.01792875028222e-11	1.95167215150889e-16	1.80751051274278e-22	8.08191833686034e-30	1.74075269229151e-38	1.80044221029483e-48	8.9141287968142e-60	2.10778333480123e-72	2.37784002173905e-86	1.28047388288989e-101	3.29783108862286e-118	4.07412376613466e-136	2.42214660473787e-155	6.94826380193487e-176	9.62863877921953e-198	6.44010242887224e-221	2.07312629304849e-245	3.19822178971655e-271	2.3529230109258e-298	0	0	0	0	0	0	0	0	0	0	0	0	0	0	0	0	0	0	0	0	0	0	0	0	0	0	0	0	0	0	0	0	0	0	0	0	0	0	0	0	0	0
0.106060606060606	0.106060606060606	0	0	0	0	0	0	0	0	0	0	0	0	0	1.45289010108655e-298	1.84411218311972e-271	1.10487723455052e-245	3.1376098841857e-221	4.24344044792805e-198	2.74711197040503e-176	8.55326934185139e-156	1.28546676840605e-136	9.34280255514946e-119	3.28361345300572e-102	5.57164853354923e-87	4.55365278939047e-73	1.78882800850196e-60	3.3738283561976e-49	3.05577941390934e-39	1.33112231619138e-30	2.79509722770128e-23	2.83540007968909e-17	1.39122869145765e-12	3.30274651361927e-09	3.86768715952578e-07	5.38451022935282e-06	0.000190071992206477	0.000682286255753304	0.000120272013739818	1.0206230195542e-06	4.17998110331831e-10	8.28231146902072e-15	7.94485530230317e-21	3.68613848206484e-28	8.25722963466981e-37	8.91533444683178e-47	4.63568206473131e-58	1.16122643188228e-70	1.40333407992357e-84	8.19698496668396e-100	2.31743485699492e-116	3.17142454309295e-134	2.09715654949392e-153	6.67740482898432e-174	1.01890932775003e-195	7.41269343670372e-219	2.55853279541843e-243	4.17180987734442e-269	3.20245277887133e-296	0	0	0	0	0	0	0	0	0	0	0	0	0	0	0	0	0	0	0	0	0	0	0	0	0	0	0	0	0	0	0	0	0	0	0	0	0	0	0	0	0	0
0.136363636363636	0.136363636363636	0	0	0	0	0	0	0	0	0	0	0	0	0	2.43779936993482e-296	3.03777211190188e-269	1.77452002532842e-243	4.87011578436972e-219	6.29811277122748e-196	3.85241063905509e-174	1.11969022964104e-153	1.55440583191087e-134	1.0362302285884e-116	3.33323801627468e-100	5.19212393729961e-85	3.92382753521446e-71	1.43907800198821e-58	2.55954563841157e-47	2.20585956923507e-37	9.20864214597983e-29	1.86299788747258e-21	1.82814516479044e-15	8.70654615708971e-11	2.01247268180223e-07	2.28559530664361e-05	0.000201205393958202	0.00331556073381179	0.0116002964071894	0.00209561334004196	1.83799669645993e-05	7.82667646350921e-09	1.62187406331856e-13	1.6373852971918e-19	8.05510776140827e-27	1.93086717386018e-35	2.25532673956586e-45	1.28363588119656e-56	3.55787788662433e-69	4.79360776666275e-83	3.12883487134582e-98	9.84642243099763e-115	1.48571139621709e-132	1.06881153876913e-151	3.64705768512793e-172	5.87730457857807e-194	4.4579572407164e-217	1.58773487868496e-241	2.6521916223693e-267	2.08006721791109e-294	6.91691904177745e-323	0	0	0	0	0	0	0	0	0	0	0	0	0	0	0	0	0	0	0	0	0	0	0	0	0	0	0	0	0	0	0	0	0	0	0	0	0	0	0	0	0
0.166666666666667	0.166666666666667	0	0	0	0	0	0	0	0	0	0	0	0	6.91691904177745e-323	1.84363806718139e-294	2.27948804130182e-267	1.3168769173954e-241	3.5581802481943e-217	4.50284488680056e-194	2.67395632722869e-172	7.47065046928312e-152	9.85344529714488e-133	6.16216628501168e-115	1.83683871027843e-98	2.62516936478469e-83	1.80971617608327e-69	6.05081760698334e-57	9.85463596243847e-46	7.8399999384709e-36	3.05127244422383e-27	5.81266382447754e-20	5.41987518262136e-14	2.47209517527064e-09	5.50946691900966e-06	0.000604304361407889	0.00421923017724588	0.0278524518120325	0.0895080096039815	0.0167232887875161	0.000154375956212055	7.00675397847121e-08	1.56843479383105e-12	1.73431486426077e-18	9.46849661920627e-26	2.54552999790278e-34	3.35435983803416e-44	2.1531806090213e-55	6.68508775939113e-68	9.96690832324739e-82	7.08853048374356e-97	2.39129679714473e-113	3.80911247875934e-131	2.85533894986463e-150	1.00505577443738e-170	1.660350963338e-192	1.29105237063571e-215	4.78044971527257e-240	8.7206146222525e-266	8.48187969009023e-293	4.93077514549564e-321	0	0	0	0	0	0	0	0	0	0	0	0	0	0	0	0	0	0	0	0	0	0	0	0	0	0	0	0	0	0	0	0	0	0	0	0	0	0	0	0	0
0.196969696969697	0.196969696969697	0	0	0	0	0	0	0	0	0	0	0	0	2.34187116128751e-321	6.19025750181662e-293	7.62953810003059e-266	4.38766780568225e-240	1.17785256601217e-215	1.47680039532974e-192	8.65537683271944e-171	2.37406950520887e-150	3.05253397269345e-131	1.84408193854749e-113	5.25053370800567e-97	7.07490351492256e-82	4.53544825599699e-68	1.39216241668141e-55	2.06116721001034e-44	1.48332678980277e-34	5.22665057255014e-26	9.07124551059228e-19	7.78520214371413e-13	3.3086616256038e-08	6.95669716273934e-05	0.00726014297330567	0.0441758904841646	0.123168030951051	0.328534706003723	0.06525179570131	0.000664105040485109	3.39408114208639e-07	8.68540626803354e-12	1.1053382423086e-17	6.92597349534897e-25	2.11326493728843e-33	3.10774771752033e-43	2.18374181065791e-54	7.28243488723135e-67	1.14678903095168e-80	8.49780918890359e-96	2.95747520529021e-112	4.83654907594522e-130	3.73828501552348e-149	1.39270468645523e-169	2.63554135640803e-191	2.80662066252055e-214	1.85585178023383e-238	7.44205442580536e-264	1.6157060668778e-290	1.74023260237725e-318	0	0	0	0	0	0	0	0	0	0	0	0	0	0	0	0	0	0	0	0	0	0	0	0	0	0	0	0	0	0	0	0	0	0	0	0	0	0	0	0	0
0.227272727272727	0.227272727272727	0	0	0	0	0	0	0	0	0	0	0	0	3.4737755559098e-320	9.17032877561632e-292	1.12884463263161e-264	6.48020945445511e-239	1.73508051644821e-214	2.16734121353233e-191	1.26345089213755e-169	3.43893451068529e-149	4.37348452224538e-130	2.60138785275049e-112	7.24734109220528e-96	9.47613679827119e-81	5.83181606150411e-67	1.69595888729427e-54	2.34313619116051e-43	1.54886681957675e-33	4.94199848068164e-25	7.69017621709531e-18	5.89909415853345e-12	2.25183889656184e-07	0.000430339180912794	0.0413871755009635	0.222626840377637	0.314346439064231	0.652964716718021	0.147183110236431	0.0017691054627388	1.06824952611553e-06	3.18087472695368e-11	4.59887581336278e-17	3.18885285600153e-24	1.05100787345899e-32	1.63648888784817e-42	1.19921350067721e-53	4.12922674222122e-66	6.69365168467224e-80	5.16000477074147e-95	1.95064785988329e-111	3.89311102809701e-129	4.59919651674744e-148	3.40125566948201e-168	1.45657936413795e-189	3.23066356685168e-212	3.47815823467028e-236	1.77032548434878e-261	4.22034869500975e-288	4.69751618108917e-316	0	0	0	0	0	0	0	0	0	0	0	0	0	0	0	0	0	0	0	0	0	0	0	0	0	0	0	0	0	0	0	0	0	0	0	0	0	0	0	0	0
0.257575757575758	0.257575757575758	0	0	0	0	0	0	0	0	0	0	0	0	2.26578505182796e-319	5.97928256415025e-291	7.35683974330072e-264	4.22033015304079e-238	1.12886814268365e-213	1.40806703064015e-190	8.19119300571558e-169	2.22280966867739e-148	2.81459369209234e-129	1.66368769586937e-111	4.5934422656051e-95	5.92930926353161e-80	3.58290274243284e-66	1.01543886561676e-53	1.3534921935857e-42	8.51864306063981e-33	2.54609089384055e-24	3.64277511175942e-17	2.52168196851576e-11	8.55854330751178e-07	0.00144481820572438	0.123119397951343	0.570035223079883	0.478607690973302	0.885053416349503	0.239136928920247	0.00337617062126321	2.30675186640108e-06	7.51354416513804e-11	1.15731432312206e-16	8.39203593245374e-24	2.86108508026257e-32	4.60291481810103e-42	3.54794657709944e-53	1.3680365939042e-65	2.89365850084401e-79	3.74702197979875e-94	2.99308052078311e-110	1.32724027223471e-127	2.96179566973174e-146	3.16875353962135e-166	1.59561915661109e-187	3.75754154873534e-210	4.12937748190572e-234	2.11623988067255e-259	5.05642597170535e-286	5.63232360891322e-314	0	0	0	0	0	0	0	0	0	0	0	0	0	0	0	0	0	0	0	0	0	0	0	0	0	0	0	0	0	0	0	0	0	0	0	0	0	0	0	0	0
0.287878787878788	0.287878787878788	0	0	0	0	0	0	0	0	0	0	0	0	6.49696324281239e-319	1.71440184702708e-290	2.10902720962172e-263	1.20957291282097e-237	3.2342706232786e-213	4.03213967989094e-190	2.34390168629599e-168	6.35376192504478e-148	8.03290883439069e-129	4.73757597757276e-111	1.30380819451353e-94	1.67509407233341e-79	1.00534833819383e-65	2.82139103551572e-53	3.70762863396041e-42	2.28629072787849e-32	6.63643189460898e-24	9.11049141709332e-17	5.95609492419445e-11	1.87296901563913e-06	0.0028722168295798	0.218856846796332	0.875671707694116	0.468318553592756	0.954853769034478	0.294415053138903	0.00448451480914794	3.22073681120379e-06	1.08764649308774e-10	1.73543239825067e-16	1.33299894385808e-23	5.18591161174832e-32	1.13029172004319e-41	1.52631055637243e-52	1.25351878155016e-64	5.59526865143593e-78	1.24169864499643e-92	1.31468711152904e-108	6.54019789111365e-126	1.52069659372131e-144	1.64974759847061e-164	8.34573508507342e-186	1.96834459060719e-208	2.164212456209e-232	1.10930743321381e-257	2.65066154322208e-284	2.95260931436683e-312	0	0	0	0	0	0	0	0	0	0	0	0	0	0	0	0	0	0	0	0	0	0	0	0	0	0	0	0	0	0	0	0	0	0	0	0	0	0	0	0	0
0.318181818181818	0.318181818181818	0	0	0	0	0	0	0	0	0	0	0	0	8.18943451920617e-319	2.16093243220762e-290	2.65825959994826e-263	1.52450170351512e-237	4.07609395660898e-213	5.08115896148199e-190	2.95330122991789e-168	8.00412729538427e-148	1.01165451991402e-128	5.96398116998335e-111	1.64033923354302e-94	2.10562805168807e-79	1.26214936324094e-65	3.53557918604058e-53	4.6337679487733e-42	2.84631115463304e-32	8.2154569897968e-24	1.11862083199204e-16	7.22778019610431e-11	2.23599282913539e-06	0.00335741977877906	0.250615014351705	1	0.450090464000853	0.872980747037673	0.27977907968809	0.00438557771601474	3.30051637533916e-06	1.24288462829949e-10	2.56860240872188e-16	3.25000683517512e-23	2.53436002442464e-31	1.09595626800429e-40	2.38367639629273e-51	2.48504905547411e-63	1.21926474384729e-76	2.79759178975222e-91	2.99552886812599e-107	1.49575712879736e-124	3.48214412140643e-143	3.77917908085066e-163	1.91206392241075e-184	4.50980717741093e-207	4.95864474695471e-231	2.54165784224956e-256	6.07323543219276e-283	6.76506616022808e-311	0	0	0	0	0	0	0	0	0	0	0	0	0	0	0	0	0	0	0	0	0	0	0	0	0	0	0	0	0	0	0	0	0	0	0	0	0	0	0	0	0
0.348484848484849	0.348484848484849	0	0	0	0	0	0	0	0	0	0	0	0	4.5372024520185e-319	1.19726765467649e-290	1.47289087857449e-263	8.44762450871883e-238	2.25891266633529e-213	2.8163618488385e-190	1.6373274813443e-168	4.43904972929864e-148	5.61336796897999e-129	3.31162020825421e-111	9.11787579860821e-95	1.17221343590581e-79	7.04221116587649e-66	1.97919488036419e-53	2.60658788976449e-42	1.61269243917271e-32	4.70512854148916e-24	6.51051449172712e-17	4.30934599985398e-11	1.38215496521959e-06	0.00219288640819178	0.179839979517037	0.888572219960801	0.592309522533867	0.855781532882224	0.263998118814416	0.00456803269029915	4.51703567041555e-06	2.78996238284242e-10	1.04798292210961e-15	2.13258821594619e-22	2.1528242706598e-30	1.03587026315924e-39	2.34104863715073e-50	2.47254991368175e-62	1.21838555884668e-75	2.79956448420323e-90	2.9990494215583e-106	1.49774652817761e-123	3.48695278850408e-142	3.78446125056903e-162	1.91474695784883e-183	4.51614358008297e-206	4.96561473637936e-230	2.5452309559169e-255	6.08177370064441e-282	6.77457720654449e-310	0	0	0	0	0	0	0	0	0	0	0	0	0	0	0	0	0	0	0	0	0	0	0	0	0	0	0	0	0	0	0	0	0	0	0	0	0	0	0	0	0
0.378787878787879	0.378787878787879	0	0	0	0	0	0	0	0	0	0	0	0	1.1048295972302e-319	2.9157592697864e-291	3.58751764606689e-264	2.05801936308879e-238	5.50486590276932e-214	6.86637898066728e-191	3.99441631031858e-169	1.08395633967865e-148	1.37256154527034e-129	8.11336742492439e-112	2.2402388088142e-95	2.89210728218597e-80	1.74805675857987e-66	4.95675490689525e-54	6.6137447181666e-43	4.17108120629168e-33	1.25161081847564e-24	1.80411076098801e-17	1.26609515709846e-11	4.4076769197454e-07	0.000784547165365988	0.0769822198535321	0.538527848620112	0.64913615437756	0.966354263935044	0.306255590408838	0.00693150681007252	1.03174829046979e-05	9.01510433409046e-10	4.0826091772855e-15	8.9628856526919e-22	9.29513479521573e-30	4.5134042306916e-39	1.02310485409368e-49	1.08165085757907e-61	5.33174161955911e-75	1.22524137336288e-89	1.31259336569293e-105	6.55526074610171e-123	1.52615760030826e-141	1.65637218042494e-161	8.38041322374868e-183	1.9766139016633e-205	2.1733373586111e-229	1.11399008949782e-254	2.66185496695171e-281	2.96507941641905e-309	0	0	0	0	0	0	0	0	0	0	0	0	0	0	0	0	0	0	0	0	0	0	0	0	0	0	0	0	0	0	0	0	0	0	0	0	0	0	0	0	0
0.409090909090909	0.409090909090909	0	0	0	0	0	0	0	0	0	0	0	0	1.18279315614394e-320	3.12128149967861e-292	3.84151830311736e-265	2.20466793883962e-239	5.90076563820329e-215	7.36677899871363e-192	4.29107374313359e-170	1.16664952031795e-149	1.48130289380347e-130	8.79083694481735e-113	2.44126935668584e-96	3.17800513618835e-81	1.94424005411423e-67	5.6106317030068e-55	7.67846443791902e-44	5.02183849402523e-34	1.58617335575332e-25	2.45287490078936e-18	1.88821191991854e-12	7.3884932231682e-08	0.000152758178112934	0.018745152596006	0.191706258493972	0.415073528091419	0.847229017036606	0.314895729656307	0.00922464979958609	1.68572395926712e-05	1.62798438240787e-09	7.65828828387532e-15	1.70343367031018e-21	1.77429182691894e-29	8.62774114736837e-39	1.95667169359231e-49	2.06896074394195e-61	1.01989713892313e-74	2.34377655169464e-89	2.51088688183112e-105	1.25397159898865e-122	2.91942532887288e-141	3.16851670082339e-161	1.60311077931128e-182	3.78111560234758e-205	4.15743299497199e-229	2.1309803314339e-254	5.09193092241961e-281	5.67197678276618e-309	0	0	0	0	0	0	0	0	0	0	0	0	0	0	0	0	0	0	0	0	0	0	0	0	0	0	0	0	0	0	0	0	0	0	0	0	0	0	0	0	0
0.439393939393939	0.439393939393939	0	0	0	0	0	0	0	0	0	0	0	0	5.53353523342196e-322	1.46887765449084e-293	1.80884245478903e-266	1.03895341803494e-240	2.7840397208533e-216	3.48168258183913e-193	2.03308323895822e-171	5.54739248589179e-151	7.08022654041268e-132	4.23341259797446e-114	1.18842781042328e-97	1.57131888555686e-82	9.82920664109902e-69	2.92734799683409e-56	4.18659371780575e-45	2.90735939895946e-35	9.93400433783962e-27	1.6936850976943e-19	1.46117835267944e-13	6.50412297917499e-09	1.57583584433206e-05	0.00245938585249471	0.0361246844383857	0.141221251206745	0.425205094754223	0.193577674461713	0.00671982988341916	1.34031843718372e-05	1.33834075451005e-09	6.36756354431151e-15	1.42162258862498e-21	1.48255749998458e-29	7.21199828793606e-39	1.63580931845187e-49	1.72975807223768e-61	8.52698543119438e-75	1.95955443373768e-89	2.09927302315491e-105	1.04840646683931e-122	2.44084067900539e-141	2.64909836539885e-161	1.34031113617497e-182	3.16127334650406e-205	3.47590063990023e-229	1.78164648984404e-254	4.25720534464493e-281	4.74216367893014e-309	0	0	0	0	0	0	0	0	0	0	0	0	0	0	0	0	0	0	0	0	0	0	0	0	0	0	0	0	0	0	0	0	0	0	0	0	0	0	0	0	0
0.46969696969697	0.46969696969697	0	0	0	0	0	0	0	0	0	0	0	0	1.48219693752374e-323	3.03982231109656e-295	3.7473764150853e-268	2.15572783006446e-242	5.78953689400542e-218	7.26372775653303e-195	4.26135876248895e-173	1.1705608581393e-152	1.50845818674733e-133	9.14436731599608e-116	2.61773034613627e-99	3.55758541729386e-84	2.31180453794371e-70	7.2496129908193e-58	1.10933222603511e-46	8.38299937118489e-37	3.16337162552723e-28	6.01307078896874e-21	5.80794254971177e-15	2.91840527415085e-10	8.2885028843764e-07	0.000165591173329103	0.00341006108782747	0.024934762072096	0.108841164370783	0.0597701888938965	0.00230598912329393	4.79697569756811e-06	4.8580666195469e-10	2.3218616501763e-15	5.19127293625179e-22	5.41628830669328e-30	2.63518162755961e-39	5.97734882596718e-50	6.32074286045274e-62	3.11587846666449e-75	7.16049509689968e-90	7.67105124619999e-106	3.83103155292247e-123	8.91919165769954e-142	9.68019613322681e-162	4.89769460074275e-183	1.15517591516297e-205	1.27014537035876e-229	6.51039910413881e-255	1.55564563576356e-281	1.73285656532072e-309	0	0	0	0	0	0	0	0	0	0	0	0	0	0	0	0	0	0	0	0	0	0	0	0	0	0	0	0	0	0	0	0	0	0	0	0	0	0	0	0	0
0.5	0.5	0	0	0	0	0	0	0	0	0	0	0	0	0	2.76845990274914e-297	3.41969565420502e-270	1.97292124016219e-244	5.32069908583255e-220	6.71559185696087e-197	3.97370746942185e-175	1.10495825413649e-154	1.44872403982574e-135	8.9970438125149e-118	2.66274870557726e-101	3.78492693250453e-86	2.60833786745302e-72	8.80585243286346e-60	1.47124142118447e-48	1.22635798061787e-38	5.1243182995354e-30	1.07625328759145e-22	1.14622645630268e-16	6.43892488206332e-12	2.15820953976527e-08	5.51329328541012e-06	0.000158573212487946	0.00224194582318981	0.0135104741150552	0.00864616184909274	0.000356495349580394	7.58459195822866e-07	7.73483251502886e-11	3.70466129872075e-16	8.28842619411171e-23	8.64947514883226e-31	4.20849742668001e-40	9.54628222777454e-51	1.00947775112592e-62	4.9763406353458e-76	1.143596865035e-90	1.22513766304791e-106	6.11851134410205e-124	1.42447734949812e-142	1.54601681123563e-162	7.82207106712843e-184	1.84492273368845e-206	2.02853958327802e-230	1.03977092663324e-255	2.48450990237189e-282	2.7675321403525e-310	0	0	0	0	0	0	0	0	0	0	0	0	0	0	0	0	0	0	0	0	0	0	0	0	0	0	0	0	0	0	0	0	0	0	0	0	0	0	0	0	0
0.53030303030303	0.53030303030303	0	0	0	0	0	0	0	0	0	0	0	0	0	1.11125878702641e-299	1.37777678111527e-272	7.99133206559328e-247	2.17166759031879e-222	2.77091932298315e-199	1.6648994071271e-177	4.72955043705049e-157	6.38572297695283e-138	4.12543654289652e-120	1.28560292392572e-103	1.95004821101456e-88	1.45293056325632e-74	5.35968176534994e-62	9.84109474018512e-51	9.01201343766532e-41	4.11403926133954e-32	9.37766766206283e-25	1.08584619590894e-18	6.82042193791089e-14	2.73287891798984e-10	8.82860241405747e-08	3.6765223953037e-06	0.000100197771005148	0.000788387084486362	0.000567642558974521	2.44306476689865e-05	5.26589059096312e-08	5.39056688807384e-12	2.58472184290964e-17	5.78471140768285e-24	6.03731135440174e-32	2.93761362159211e-41	6.66355892476228e-52	7.04644589280811e-64	3.47363291494167e-77	7.98264697128586e-92	8.55182698378251e-108	4.2709039048033e-125	9.94327803546024e-144	1.07916598788001e-163	5.46003963201046e-185	1.28781126656508e-207	1.41598132142505e-231	7.25791215944826e-257	1.73426224652666e-283	1.93182023645869e-311	0	0	0	0	0	0	0	0	0	0	0	0	0	0	0	0	0	0	0	0	0	0	0	0	0	0	0	0	0	0	0	0	0	0	0	0	0	0	0	0	0
0.560606060606061	0.560606060606061	0	0	0	0	0	0	0	0	0	0	0	0	0	1.97178672716488e-302	2.46134821933377e-275	1.44147132518126e-249	3.97092709625285e-225	5.16373982137197e-202	3.18449920539279e-180	9.36863925476726e-160	1.3241564088945e-140	9.06296178706541e-123	3.02825321576959e-106	4.97625050568508e-91	4.04421697032979e-77	1.63050008250703e-64	3.26191535493593e-53	3.23185997525339e-43	1.58331001621445e-34	3.85849052986562e-27	4.83300097387017e-21	3.43171944366278e-16	1.66061906756561e-12	6.67131148608283e-10	4.37319845707359e-08	2.16840454837567e-06	2.11620988445808e-05	1.66456500718412e-05	7.37106172918582e-07	1.60157756202991e-09	1.6431257823817e-13	7.88351989598661e-19	1.76468079407614e-25	1.84183735359566e-33	8.96209334117239e-43	2.03293379833891e-53	2.14974927692308e-65	1.05974611692349e-78	2.43536975108122e-93	2.60901702690683e-109	1.30298019631853e-126	3.03352515750158e-145	3.29235204706536e-165	1.66576531065555e-186	3.928893340571e-209	4.31991839869911e-233	2.21426566862246e-258	5.29093941692357e-285	5.89365527388086e-313	0	0	0	0	0	0	0	0	0	0	0	0	0	0	0	0	0	0	0	0	0	0	0	0	0	0	0	0	0	0	0	0	0	0	0	0	0	0	0	0	0
0.590909090909091	0.590909090909091	0	0	0	0	0	0	0	0	0	0	0	0	0	1.55498192748863e-305	1.96468938515633e-278	1.1701961362046e-252	3.29926969605252e-228	4.4263648756483e-205	2.84368442941685e-183	8.81028439277755e-163	1.32596352727158e-143	9.75936188362334e-126	3.53183120987281e-109	6.30665461062528e-94	5.56468151635691e-80	2.42462931867719e-67	5.20463008308572e-56	5.48842576875897e-46	2.84482021071711e-37	7.3545491825558e-30	1.00125076357924e-23	8.17139114436882e-19	4.77557290893656e-15	2.3597040252088e-12	2.72934387666278e-10	2.21952068525253e-08	2.57327963133212e-07	2.1616121662307e-07	9.75963420133336e-09	2.13154444321721e-11	2.18982618255149e-15	1.05103972103069e-20	2.35293422142083e-27	2.45588354859668e-35	1.19500513982619e-44	2.71072029865222e-55	2.86648480385485e-67	1.41307033724969e-80	3.24733347760179e-95	3.47887566539061e-111	1.73739998255014e-128	4.04491686487293e-147	4.39003787382469e-167	2.22113938617855e-188	5.23880506328442e-211	5.76019973541224e-235	2.95251237211084e-260	7.05496377872732e-287	7.85862796984261e-315	0	0	0	0	0	0	0	0	0	0	0	0	0	0	0	0	0	0	0	0	0	0	0	0	0	0	0	0	0	0	0	0	0	0	0	0	0	0	0	0	0
0.621212121212121	0.621212121212121	0	0	0	0	0	0	0	0	0	0	0	0	0	5.50142136172993e-309	7.09621986644427e-282	4.34628820888079e-256	1.27122713910538e-231	1.78702342306486e-208	1.21541011974362e-186	4.02416340171538e-166	6.51875612913618e-147	5.18436701467402e-129	2.0280731346003e-112	3.90404499735274e-97	3.69479288127907e-83	1.71533420228901e-70	3.89464060204997e-59	4.31618574498896e-49	2.34655684940691e-40	6.43267016529654e-33	9.6395492639996e-27	9.17896669848927e-22	6.40630834233888e-18	3.93300827879325e-15	8.88199474889089e-13	1.05448171619532e-10	1.40256564725127e-09	1.23708873782043e-09	5.66138931296390e-11	1.24074317106317e-13	1.27578897714459e-17	6.12474260255598e-23	1.37121408415196e-29	1.43123416707316e-37	6.96425780299355e-47	1.5797574357998e-57	1.67053483704894e-69	8.23511622053885e-83	1.89248681045622e-97	2.02742540872454e-113	1.01252508690592e-130	2.35730392953833e-149	2.55843417339973e-169	1.29443960933403e-190	3.05308024432577e-213	3.35693956988382e-237	1.72067047460718e-262	4.111504489589e-289	4.5798650205369e-317	0	0	0	0	0	0	0	0	0	0	0	0	0	0	0	0	0	0	0	0	0	0	0	0	0	0	0	0	0	0	0	0	0	0	0	0	0	0	0	0	0
0.651515151515151	0.651515151515151	0	0	0	0	0	0	0	0	0	0	0	0	0	8.86213978826891e-313	1.18153244622813e-285	7.54935847484277e-260	2.3260297058481e-235	3.47588957216338e-212	2.5310452814642e-190	9.00991228141441e-170	1.57078310710364e-150	1.34217477366944e-132	5.62067816642007e-116	1.15269874754096e-100	1.15563481539548e-86	5.64784887432716e-74	1.34160002503691e-62	1.54918696317729e-52	8.80229599824012e-44	2.57473976147575e-36	4.32110668703285e-30	4.83402034384679e-25	3.95873603061966e-21	3.17031099108481e-18	1.4577385931719e-15	2.29252314026883e-13	3.40174387606784e-12	3.11117313476253e-12	1.43748156540055e-13	3.1578386588731e-16	3.24893873210295e-20	1.5599649377898e-25	3.49260103660605e-32	3.64551507215466e-40	1.77388021444281e-49	4.02383548961824e-60	4.25505767695737e-72	2.09758553458052e-85	4.82039711754338e-100	5.16410239321587e-116	2.57902619453026e-133	6.00434366109877e-152	6.51664718435281e-172	3.29709723386518e-193	7.77657169635855e-216	8.55053885147003e-240	4.3827597838634e-265	1.04725087075574e-291	1.16658780296035e-319	0	0	0	0	0	0	0	0	0	0	0	0	0	0	0	0	0	0	0	0	0	0	0	0	0	0	0	0	0	0	0	0	0	0	0	0	0	0	0	0	0
0.681818181818182	0.681818181818182	0	0	0	0	0	0	0	0	0	0	0	0	0	6.63378830057473e-317	9.27619897502747e-290	6.27170652444556e-264	2.05954102186198e-239	3.29495363538536e-216	2.57225390610533e-194	9.80421321642059e-174	1.82471290866059e-154	1.65818900560377e-136	7.35460970422207e-120	1.5901743995666e-104	1.67205968491575e-90	8.52273999361794e-78	2.10112977898125e-66	2.51496510339627e-56	1.4951645256523e-47	4.72431088820839e-40	9.03389239624232e-34	1.18216804317202e-28	1.11780414356862e-24	1.29257214875292e-21	1.15978735281422e-18	2.25695468501399e-16	3.65286906246441e-15	3.43225814990379e-15	1.59676930380912e-16	3.51359423959539e-19	3.61641123740377e-23	1.73657716430179e-28	3.88811460974241e-35	4.05837141317146e-43	1.97477643657962e-52	4.47954674692271e-63	4.73695618617903e-75	2.33514371260293e-88	5.36632236237996e-103	5.74895337154883e-119	2.87110909609962e-136	6.68435463925203e-155	7.25467816353328e-175	3.67050396160248e-196	8.65729312631843e-219	9.51891451860852e-243	4.87912124170712e-268	1.1658553561881e-294	1.28457067918724e-322	0	0	0	0	0	0	0	0	0	0	0	0	0	0	0	0	0	0	0	0	0	0	0	0	0	0	0	0	0	0	0	0	0	0	0	0	0	0	0	0	0
0.712121212121212	0.712121212121212	0	0	0	0	0	0	0	0	0	0	0	0	0	2.36163378712116e-321	3.5021237113172e-294	2.52596147325683e-268	8.86467454702524e-244	1.5140911722404e-220	1.25834723057084e-198	5.08824654625316e-178	1.00124042142153e-158	9.58872325607027e-141	4.46643106564271e-124	1.00995225947571e-108	1.10509685930441e-94	5.83183501244638e-82	1.48349803598252e-70	1.83690065448571e-60	1.14962552251874e-51	3.9905486426657e-44	8.79546978803552e-38	1.32777585584476e-32	1.44064487712308e-28	2.78556005689568e-25	4.33691078263937e-22	9.98313119668931e-20	1.73057210749853e-18	1.65911812081276e-18	7.75718165763163e-20	1.70894463515715e-22	1.75944843895117e-26	8.44933038319551e-32	1.89179688511516e-38	1.97464514973833e-46	9.60850195295345e-56	2.17957564512774e-66	2.30482139311155e-78	1.13619149062047e-91	2.61104694034635e-106	2.79722054112497e-122	1.39697173130095e-139	3.25235097740284e-158	3.52984856292499e-178	1.78592665894829e-199	4.21230728817318e-222	4.63153926028285e-246	2.37399354122639e-271	5.67260567730231e-298	0	0	0	0	0	0	0	0	0	0	0	0	0	0	0	0	0	0	0	0	0	0	0	0	0	0	0	0	0	0	0	0	0	0	0	0	0	0	0	0	0	0
0.742424242424243	0.742424242424243	0	0	0	0	0	0	0	0	0	0	0	0	0	0	6.40467365388662e-299	4.92067358775538e-273	1.83429953854454e-248	3.31574204670915e-225	2.90646832515036e-203	1.23620161507058e-182	2.55293056030559e-163	2.55962954914643e-145	1.24410409147439e-128	2.92262787223207e-113	3.3057727172867e-99	1.79542680951455e-86	4.69487473380299e-75	6.02237638531702e-65	4.0127234641481e-56	1.55841888689705e-48	3.96567378816517e-42	6.78075616261383e-37	8.55683874550073e-33	3.1976920179842e-29	7.47119424463692e-26	1.97221403693302e-23	3.60811856196287e-22	3.51149535587451e-22	1.64778368346389e-23	3.63325186619925e-26	3.7413745631654e-30	1.79679110014404e-35	4.02304390264287e-42	4.19923857750526e-50	2.0433251336314e-59	4.63504356509066e-70	4.90138900072211e-82	2.4162030809141e-95	5.55260247810558e-110	5.94851570320967e-126	2.97077336639484e-143	6.91638738737508e-162	7.50650844586639e-182	3.79791747726738e-203	8.95781211914437e-226	9.84934281328152e-250	5.04848926243057e-275	1.206325474545e-301	0	0	0	0	0	0	0	0	0	0	0	0	0	0	0	0	0	0	0	0	0	0	0	0	0	0	0	0	0	0	0	0	0	0	0	0	0	0	0	0	0	0
0.772727272727273	0.772727272727273	0	0	0	0	0	0	0	0	0	0	0	0	0	0	5.62614107465828e-304	4.56627893101977e-278	1.79122160244444e-253	3.39720295038724e-230	3.11858798342929e-208	1.38732067264569e-187	2.99193476474298e-168	3.12467575865988e-150	1.5758806375376e-133	3.82284542023811e-118	4.44359584670611e-104	2.4723583259165e-91	6.63621162342404e-80	8.86737731554686e-70	6.39112703343045e-61	2.81910606582172e-53	8.20888080608507e-47	1.56283945266601e-41	2.40595221581683e-37	1.88432690109183e-33	5.8568734113203e-30	1.73205607414666e-27	3.30463491610433e-26	3.25240139981467e-26	1.53029013271681e-27	3.3762863791102e-30	3.47726485000449e-34	1.67000924336713e-39	3.73920729499766e-46	3.90297849234051e-54	1.89916759482844e-63	4.30803959947709e-74	4.55559441136528e-86	2.24573918575447e-99	5.16086462070572e-114	5.52884604646986e-130	2.76118437009345e-147	6.42843408005855e-166	6.9769219122433e-186	3.52997320382463e-207	8.32583565461901e-230	9.15446857767612e-254	4.69231675593053e-279	1.12121883261934e-305	0	0	0	0	0	0	0	0	0	0	0	0	0	0	0	0	0	0	0	0	0	0	0	0	0	0	0	0	0	0	0	0	0	0	0	0	0	0	0	0	0	0
0.803030303030303	0.803030303030303	0	0	0	0	0	0	0	0	0	0	0	0	0	0	2.33237816163752e-309	1.98150647573781e-283	8.11815097413039e-259	1.60651215008574e-235	1.53817503043311e-213	7.13146729308002e-193	1.59980663115703e-173	1.73200341840645e-155	9.0135910967269e-139	2.24506726567018e-123	2.66840012706043e-109	1.51633349778638e-96	4.1837509684518e-85	5.88238068973657e-75	4.67218634374204e-66	2.35699652808909e-58	7.72668408848988e-52	1.61955868542148e-46	3.36497515418179e-42	5.41719142708436e-38	2.07293774410502e-34	6.73730382371083e-32	1.32784073575594e-30	1.31783298939891e-30	6.21278411321935e-32	1.37135409713069e-34	1.41251731485234e-38	6.783994457077e-44	1.51896802714807e-50	1.5854985007198e-58	7.71494990339609e-68	1.75004630653401e-78	1.85061003968375e-90	9.12282159052844e-104	2.09648776456909e-118	2.24597212773356e-134	1.12167043237054e-151	2.61140998492543e-170	2.83422110563092e-190	1.43397399060261e-211	3.38218765112197e-234	3.71880155463225e-258	1.90615049893075e-283	4.5547049535963e-310	0	0	0	0	0	0	0	0	0	0	0	0	0	0	0	0	0	0	0	0	0	0	0	0	0	0	0	0	0	0	0	0	0	0	0	0	0	0	0	0	0	0
0.833333333333333	0.833333333333333	0	0	0	0	0	0	0	0	0	0	0	0	0	0	4.48430170202664e-315	3.96339448685957e-289	1.68912562735076e-264	3.47852327651092e-241	3.46558465198948e-219	1.66951143435536e-198	3.87962465433963e-179	4.3318532767292e-161	2.31342704551414e-144	5.88598474841891e-129	7.12586824141391e-115	4.13131058894929e-102	1.17742155654383e-90	1.76775805378506e-80	1.57456269487279e-71	9.05181380714511e-64	3.27878602889753e-57	7.5551177493796e-52	2.48427580049286e-47	7.31082363131616e-43	3.29398856578163e-39	1.15730093736065e-36	2.33844758996487e-35	2.33535252599132e-35	1.10258257895158e-36	2.43455718168643e-39	2.50782704345116e-43	1.20447279031472e-48	2.69688190681031e-55	2.81500746760265e-63	1.36976771250724e-72	3.10715829354703e-83	3.28570643471369e-95	1.61973149727436e-108	3.72225548336708e-123	3.98766079688384e-139	1.99149453158803e-156	4.63648550833243e-175	5.03208043148989e-195	2.545980778653e-216	6.00497973184291e-239	6.60262831806755e-263	3.38431698434201e-288	8.08675146276586e-315	0	0	0	0	0	0	0	0	0	0	0	0	0	0	0	0	0	0	0	0	0	0	0	0	0	0	0	0	0	0	0	0	0	0	0	0	0	0	0	0	0	0
0.863636363636364	0.863636363636364	0	0	0	0	0	0	0	0	0	0	0	0	0	0	3.95252516672997e-321	3.62351653158841e-295	1.60414183394086e-270	3.43307408809237e-247	3.55083925890665e-225	1.77096127204387e-204	4.24270445862886e-185	4.85967528239182e-167	2.64956360188025e-150	6.85667200035317e-135	8.43481286176889e-121	4.99592866431349e-108	1.48392468348732e-96	2.42282520258533e-86	2.4481184404735e-77	1.5831752879037e-69	6.23180120400916e-63	1.60126725041586e-57	9.9363616929084e-53	4.52913093154237e-48	2.33961463482181e-44	8.75836191048026e-42	1.80367039649586e-40	1.80968324810822e-40	8.5532211034648e-42	1.88906062161642e-44	1.94602346794141e-48	9.34658857908458e-54	2.09275969535513e-60	2.18442574246454e-68	1.06293016024889e-77	2.41113318689907e-88	2.54968532402728e-100	1.25690037101931e-113	2.88844435551399e-128	3.09439703256323e-144	1.54538589991725e-161	3.59788049436075e-180	3.90485940224168e-200	1.9756633696166e-221	4.65982249000807e-244	5.12359363455431e-268	2.62620643219309e-293	6.27562183347551e-320	0	0	0	0	0	0	0	0	0	0	0	0	0	0	0	0	0	0	0	0	0	0	0	0	0	0	0	0	0	0	0	0	0	0	0	0	0	0	0	0	0	0
0.893939393939394	0.893939393939394	0	0	0	0	0	0	0	0	0	0	0	0	0	0	0	1.50823954706483e-301	6.93188610591541e-277	1.53908669607442e-253	1.64733856598027e-231	8.46770199685055e-211	2.08053871481433e-191	2.43210807235541e-173	1.34770454206028e-156	3.53624572226688e-141	4.41707861979941e-127	2.68426085276953e-114	8.42104455129844e-103	1.52371558531191e-92	1.74971759204505e-83	1.2499990899394e-75	5.28355325250078e-69	1.57946010374946e-63	2.0814851669207e-58	1.27292508993186e-53	7.39948678087789e-50	2.91480544699247e-47	6.08980614389722e-46	6.13132461399261e-46	2.90020462083515e-47	6.40654962140687e-50	6.60000853852213e-54	3.1699593778176e-59	7.09775304731997e-66	7.40864913199174e-74	3.60501040548274e-83	8.17754617480676e-94	8.64745660549808e-106	4.26287563032534e-119	9.79638429687614e-134	1.04948888640211e-149	5.24129680237834e-167	1.22024922911285e-185	1.32436351981583e-205	6.70061639775296e-227	1.58041513890245e-249	1.73770673947287e-273	8.90698392958317e-299	0	0	0	0	0	0	0	0	0	0	0	0	0	0	0	0	0	0	0	0	0	0	0	0	0	0	0	0	0	0	0	0	0	0	0	0	0	0	0	0	0	0	0
0.924242424242424	0.924242424242424	0	0	0	0	0	0	0	0	0	0	0	0	0	0	0	2.85262438602317e-308	1.35945135225147e-283	3.12244681113653e-260	3.44365658341025e-238	1.81511810410309e-217	4.55063232095453e-198	5.40436933878272e-180	3.03301183993533e-163	8.0542530564989e-148	1.02285165707676e-133	6.42752990392597e-121	2.16693103926687e-109	4.41169236866549e-99	5.70813215941417e-90	4.4216911058082e-82	1.99541111612644e-75	7.60776500224466e-70	2.14984401868232e-64	1.61269784044752e-59	1.03858025944821e-55	4.25965550287937e-53	8.99693456770379e-52	9.08168537586283e-52	4.29831570509565e-53	9.49626052162007e-56	9.78332137798061e-60	4.69892569571677e-65	1.05212287978659e-71	1.09820841736842e-79	5.34382589691534e-89	1.21218468105313e-99	1.2818410622998e-111	6.31900139161819e-125	1.45215041181869e-139	1.55569205178329e-155	7.76934742451932e-173	1.80881574980025e-191	1.96314780288621e-211	9.93254507724993e-233	2.34270157789996e-255	2.57586011439863e-279	1.32031165688883e-304	0	0	0	0	0	0	0	0	0	0	0	0	0	0	0	0	0	0	0	0	0	0	0	0	0	0	0	0	0	0	0	0	0	0	0	0	0	0	0	0	0	0	0
0.954545454545455	0.954545454545455	0	0	0	0	0	0	0	0	0	0	0	0	0	0	0	2.44689934478171e-315	1.2059642167198e-290	2.85359671227367e-267	3.22674474368093e-245	1.73520763349684e-224	4.41861273892595e-205	5.31151018078803e-187	3.01160913316123e-170	8.09047633487954e-155	1.04853364589475e-140	6.89460956145603e-128	2.54671288256058e-116	5.87484340558283e-106	8.42730634735317e-97	6.96791197728994e-89	3.36360907513608e-82	1.91607003144813e-76	1.04423971612706e-70	9.17271713477833e-66	6.45038433980354e-62	2.73040461571176e-59	5.81436674306964e-58	5.88042497195265e-58	2.78440040004696e-59	6.15218723627699e-62	6.33830539537778e-66	3.04430161628027e-71	6.81641591141522e-78	7.11499341747956e-86	3.46211956216976e-95	7.8534152094385e-106	8.30470000623572e-118	4.09390933718001e-131	9.40808802308179e-146	1.00789061804593e-161	5.03354913244008e-179	1.17188258558785e-197	1.27187013016283e-217	6.43502612573526e-239	1.517772709949e-261	1.66882979170784e-285	8.55394054606736e-311	0	0	0	0	0	0	0	0	0	0	0	0	0	0	0	0	0	0	0	0	0	0	0	0	0	0	0	0	0	0	0	0	0	0	0	0	0	0	0	0	0	0	0
0.984848484848485	0.984848484848485	0	0	0	0	0	0	0	0	0	0	0	0	0	0	0	9.38724727098368e-323	4.81810163673741e-298	1.16879668487654e-274	1.34826599450261e-252	7.36331807735357e-232	1.89727304268648e-212	2.30207932779105e-194	1.3169510277964e-177	3.58351796788774e-162	4.77168724091468e-148	3.33601501651798e-135	1.37432568600648e-123	3.57948360911996e-113	5.584593431445e-104	4.87349430017345e-96	2.55101872291658e-89	2.64245825811001e-83	2.32369760950803e-77	2.33468684137434e-72	1.76824981938299e-68	7.66989704488881e-66	1.64335610575132e-64	1.66440407911261e-64	7.88358263902362e-66	1.74202257567006e-68	1.79475323251369e-72	8.62027130842896e-78	1.9301440362132e-84	2.01468998407506e-92	9.80337930898519e-102	2.22378250075472e-112	2.35156885254886e-124	1.15923629759717e-137	2.66400553371624e-152	2.85395521103887e-168	1.42530583373289e-185	3.31831684114647e-204	3.60144277641548e-224	1.82214974681494e-245	4.29774348249486e-268	4.72547853423103e-292	2.42214398302992e-317	0	0	0	0	0	0	0	0	0	0	0	0	0	0	0	0	0	0	0	0	0	0	0	0	0	0	0	0	0	0	0	0	0	0	0	0	0	0	0	0	0	0	0
1.01515151515152	1.01515151515152	0	0	0	0	0	0	0	0	0	0	0	0	0	0	0	0	8.62619466578889e-306	2.13461733972396e-282	2.50053906490115e-260	1.38159096391143e-239	3.59160601912994e-220	4.39078285707362e-202	2.53389748683413e-185	7.00655774910372e-170	9.68561860121233e-156	7.3376876786579e-143	3.41069217141471e-131	9.90086348419545e-121	1.64998981145881e-111	1.50996942211067e-103	8.88230236142754e-97	1.95023285959804e-90	2.33979412734676e-84	2.6511078955283e-79	2.13499393759462e-75	9.43568678596995e-73	2.03100654653059e-71	2.05920759638366e-71	9.75596726981142e-73	2.15587936207424e-75	2.22116524981913e-79	1.06683756772747e-84	2.3887316691029e-91	2.4933654643225e-99	1.21325903350089e-108	2.75213693503364e-119	2.9102843932168e-131	1.434662354313e-144	3.29695374376102e-159	3.53203407375949e-175	1.76394806436598e-192	4.10672462735298e-211	4.45711921192027e-231	2.25507918568361e-252	5.31885586775876e-275	5.84821763610061e-299	0	0	0	0	0	0	0	0	0	0	0	0	0	0	0	0	0	0	0	0	0	0	0	0	0	0	0	0	0	0	0	0	0	0	0	0	0	0	0	0	0	0	0	0
1.04545454545455	1.04545454545455	0	0	0	0	0	0	0	0	0	0	0	0	0	0	0	0	6.88608242361726e-314	1.73032583566744e-290	2.05044551441162e-268	1.14271782590653e-247	2.9908549262379e-228	3.68054158067884e-210	2.14517969120082e-193	6.06264170064604e-178	8.82646684747946e-164	7.38690458835892e-151	3.88095326304857e-139	1.23277020260808e-128	2.16282602813762e-119	2.07214591849118e-111	1.48255096430371e-104	7.20419878499007e-98	1.06014833463185e-91	1.33906177341155e-86	1.13342710631707e-82	5.08112467210086e-80	1.09745940095659e-78	1.11357784756241e-78	5.27678043167266e-80	1.16611379610326e-82	1.20143807845179e-86	5.77058366504988e-92	1.29207885106288e-98	1.34867602721824e-106	6.56258955045953e-116	1.48864708158344e-126	1.57418997544792e-138	7.76017320593038e-152	1.78334170603802e-166	1.9104980416856e-182	9.54129901423028e-200	2.22135154828364e-218	2.41088204364645e-238	1.21978561875249e-259	2.87700047825271e-282	3.16333537781637e-306	0	0	0	0	0	0	0	0	0	0	0	0	0	0	0	0	0	0	0	0	0	0	0	0	0	0	0	0	0	0	0	0	0	0	0	0	0	0	0	0	0	0	0	0
1.07575757575758	1.07575757575758	0	0	0	0	0	0	0	0	0	0	0	0	0	0	0	0	2.37151510003798e-322	6.20118823166028e-299	7.41109852817012e-277	4.1567711196678e-256	1.09392442022484e-236	1.35510771543359e-218	7.99913925951558e-202	2.33133648794578e-186	3.63945185883255e-172	3.41658357446666e-159	2.0114442248012e-147	6.85755879529616e-137	1.2537385128565e-127	1.26225792973981e-119	1.27339164785863e-112	1.25789204002459e-105	2.15529613755196e-99	2.99984474829819e-94	2.64199657068917e-90	1.19724487204643e-87	2.59252971353933e-86	2.63215267045246e-86	1.24743413584939e-87	2.7567840170458e-90	2.84031300661928e-94	1.3642225827745e-99	3.05460223633265e-106	3.18840381923296e-114	1.55146125173014e-123	3.51930934664113e-134	3.72154123556128e-146	1.8345819143654e-159	4.21599667220804e-174	4.5166068616176e-190	2.25565772150766e-207	5.25149538296529e-226	5.69956427242129e-246	2.88369418610791e-267	6.80151448338281e-290	7.47843858636196e-314	0	0	0	0	0	0	0	0	0	0	0	0	0	0	0	0	0	0	0	0	0	0	0	0	0	0	0	0	0	0	0	0	0	0	0	0	0	0	0	0	0	0	0	0
1.10606060606061	1.10606060606061	0	0	0	0	0	0	0	0	0	0	0	0	0	0	0	0	0	9.79540040065296e-308	1.17794927785268e-285	6.6392840489207e-265	1.75577005390912e-245	2.19174142871951e-227	1.31672976405515e-210	4.00799280535398e-195	6.84273100114471e-181	7.25575512040831e-168	4.7092520123898e-156	1.69417648968669e-145	3.20804403770892e-136	3.43565692555995e-128	6.00412263750959e-121	1.00576218479914e-113	1.96200517236921e-107	2.97277509523622e-102	2.70108316268432e-98	1.23400898727926e-95	2.67724351784144e-94	2.71934868493607e-94	1.28888629819527e-95	2.84845611328486e-98	2.93477777329313e-102	1.40959632692431e-107	3.15619847361783e-114	3.29445050293664e-122	1.60306305627161e-131	3.63636204803597e-142	3.84532019946795e-154	1.89560035681518e-167	4.35622129155795e-182	4.66682981655161e-198	2.33068120233015e-215	5.42616082950098e-234	5.88913255080802e-254	2.97960624466647e-275	7.02773377479029e-298	7.70742407512345e-322	0	0	0	0	0	0	0	0	0	0	0	0	0	0	0	0	0	0	0	0	0	0	0	0	0	0	0	0	0	0	0	0	0	0	0	0	0	0	0	0	0	0	0	0
1.13636363636364	1.13636363636364	0	0	0	0	0	0	0	0	0	0	0	0	0	0	0	0	0	6.80382346291922e-317	8.21952591754918e-295	4.65118297897328e-274	1.23618180805949e-254	1.55873002731643e-236	9.6032032491126e-220	3.10373291226177e-204	5.89974033810144e-190	7.04050776858881e-177	4.94021829236448e-165	1.85100869120678e-154	3.62101923292099e-145	4.24711369894758e-137	1.54681905170294e-129	3.6309247109821e-122	7.98051107680744e-116	1.30004608254175e-110	1.21015699415798e-106	5.56253015975227e-104	1.20853457036348e-102	1.22793978076203e-102	5.82048047613715e-104	1.28635561425572e-106	1.32534330818935e-110	6.36573131072545e-116	1.42533823435385e-122	1.48777287365026e-130	7.23942809880419e-140	1.64218004686946e-150	1.73654548840199e-162	8.56052572238527e-176	1.9672682739129e-190	2.10753899387577e-206	1.05253495612588e-223	2.450452659464e-242	2.65953055475354e-262	1.34558931734994e-283	3.17372253782336e-306	0	0	0	0	0	0	0	0	0	0	0	0	0	0	0	0	0	0	0	0	0	0	0	0	0	0	0	0	0	0	0	0	0	0	0	0	0	0	0	0	0	0	0	0	0
1.16666666666667	1.16666666666667	0	0	0	0	0	0	0	0	0	0	0	0	0	0	0	0	0	0	2.51497642927338e-304	1.42828232633223e-283	3.81876151011714e-264	4.88377235789369e-246	3.11968364144195e-229	1.0914478374329e-213	2.33675794259523e-199	3.09769342570463e-186	2.30636397305894e-174	8.91892882903032e-164	1.80377675387973e-154	2.47401769813936e-146	2.03346653983548e-138	5.88601704489649e-131	1.44697930799499e-124	2.50383457952809e-119	2.37443210021334e-115	1.09641553949861e-112	2.38463080362803e-111	2.42350484199442e-111	1.1488133475005e-112	2.53896720924544e-115	2.61592726308898e-119	1.25645187060739e-124	2.813296799484e-131	2.93652881945897e-139	1.42890018935949e-148	3.24129385903305e-159	3.42755000611155e-171	1.68965513374977e-184	3.88294486383603e-199	4.15980769890876e-215	2.07746714371148e-232	4.83664210640172e-251	5.24931482136742e-271	2.65589050459071e-292	6.26421408004258e-315	0	0	0	0	0	0	0	0	0	0	0	0	0	0	0	0	0	0	0	0	0	0	0	0	0	0	0	0	0	0	0	0	0	0	0	0	0	0	0	0	0	0	0	0	0
1.1969696969697	1.1969696969697	0	0	0	0	0	0	0	0	0	0	0	0	0	0	0	0	0	0	3.37178287419466e-314	1.92215706675694e-293	5.18032123820783e-274	6.7625450201099e-256	4.54572168013705e-239	1.75527199038601e-223	4.23978931866999e-209	6.12850695484787e-196	4.76708764193618e-184	1.89219092188409e-173	3.97369816356478e-164	7.26902620952754e-156	1.27467594698497e-147	4.27595362648852e-140	1.16643547772949e-133	2.12016836608695e-128	2.03927439465345e-124	9.44875213441906e-122	2.05665784582288e-120	2.09055992296482e-120	9.91027921139709e-122	2.19026935935358e-124	2.25666457986542e-128	1.08389549893787e-133	2.42692946707305e-140	2.53323733908672e-148	1.23266058544514e-157	2.7961471491918e-168	2.95682360127989e-180	1.45760446059588e-193	3.3496762983222e-208	3.58851586702542e-224	1.7921558754733e-241	4.17239646595093e-260	4.52839431314313e-280	2.29114081867671e-301	4.94065645841247e-324	0	0	0	0	0	0	0	0	0	0	0	0	0	0	0	0	0	0	0	0	0	0	0	0	0	0	0	0	0	0	0	0	0	0	0	0	0	0	0	0	0	0	0	0	0
1.22727272727273	1.22727272727273	0	0	0	0	0	0	0	0	0	0	0	0	0	0	0	0	0	0	0	1.13394457801987e-303	3.09099019597883e-284	4.15766594090916e-266	2.99503235124812e-249	1.29605335154298e-233	3.50113558375157e-219	5.41089366005833e-206	4.34661335526682e-194	1.76621197733675e-183	3.89191811676345e-174	1.16501820740831e-165	3.66438711541138e-157	1.39065530810374e-149	4.1693271018346e-143	7.88244615350765e-138	7.66347019344498e-134	3.55984591361257e-131	7.75305413002494e-130	7.88190537508021e-130	3.73652271103107e-131	8.25814012924087e-134	8.50848838818229e-138	4.08670194858142e-143	9.15045610063306e-150	9.55127777804502e-158	4.64760388807285e-167	1.05425487988511e-177	1.11483607440996e-189	5.49572870789127e-203	1.2629566314246e-217	1.35300832307697e-233	6.75711604914271e-251	1.57315373675414e-269	1.70737859964943e-289	8.63848095391855e-311	0	0	0	0	0	0	0	0	0	0	0	0	0	0	0	0	0	0	0	0	0	0	0	0	0	0	0	0	0	0	0	0	0	0	0	0	0	0	0	0	0	0	0	0	0	0
1.25757575757576	1.25757575757576	0	0	0	0	0	0	0	0	0	0	0	0	0	0	0	0	0	0	0	2.9345741709613e-314	8.13399930875111e-295	1.14209389971717e-276	8.99364771340057e-260	4.39146866693367e-244	1.30509405299618e-229	2.11912390474743e-216	1.74420333261977e-204	7.25333375369085e-194	1.71665804897044e-184	1.03789034095073e-175	4.74915534265823e-167	2.02261670261452e-159	6.59125490217577e-153	1.28531273340424e-147	1.25975338705049e-143	5.86295211248956e-141	1.27745851102602e-139	1.29881760360627e-139	6.15735702533752e-141	1.36085287375509e-143	1.40210920570578e-147	6.73445584018108e-153	1.50789920545828e-159	1.57395043589567e-167	7.65876394557958e-177	1.73730151355959e-187	1.83713297107315e-199	9.05638473804262e-213	2.08122012014788e-227	2.22961586697105e-243	1.11350188326097e-260	2.59239242865627e-279	2.81358093056659e-299	1.42389719131447e-320	0	0	0	0	0	0	0	0	0	0	0	0	0	0	0	0	0	0	0	0	0	0	0	0	0	0	0	0	0	0	0	0	0	0	0	0	0	0	0	0	0	0	0	0	0	0
1.28787878787879	1.28787878787879	0	0	0	0	0	0	0	0	0	0	0	0	0	0	0	0	0	0	0	0	9.47775185565158e-306	1.41258720357274e-287	1.23796761237476e-270	6.79518700479513e-255	2.17835450283658e-240	3.66513450214627e-227	3.07596120251344e-215	1.31147590299996e-204	3.51473307336719e-195	4.82690147540012e-186	2.75778847121998e-177	1.31351754650623e-169	4.59793888348666e-163	9.1843445268073e-158	9.05655385817012e-154	4.22093099873949e-151	9.19981440179498e-150	9.35432262671787e-150	4.43471551003242e-151	9.80131280874143e-154	1.00984632619094e-157	4.8503831166318e-163	1.08604011164945e-169	1.13361245777292e-177	5.51610142336026e-187	1.25126344470643e-197	1.32316544485741e-209	6.52271530135027e-223	1.49896528426238e-237	1.60584493176884e-253	8.01981804237611e-271	1.86712890968552e-289	2.02643636709117e-309	0	0	0	0	0	0	0	0	0	0	0	0	0	0	0	0	0	0	0	0	0	0	0	0	0	0	0	0	0	0	0	0	0	0	0	0	0	0	0	0	0	0	0	0	0	0	0
1.31818181818182	1.31818181818182	0	0	0	0	0	0	0	0	0	0	0	0	0	0	0	0	0	0	0	0	4.91709397369665e-317	7.93180334026534e-299	7.82536116553238e-282	4.76541161772529e-266	1.6169297688892e-251	2.79089444298735e-238	2.38230402155843e-226	1.04593112410635e-215	3.5519309540149e-206	1.08428250324233e-196	7.16337202518479e-188	3.80085707663368e-180	1.41248413024426e-173	2.87407037861854e-168	2.84700490969915e-164	1.32828359667799e-161	2.89578242009221e-160	2.94457700401747e-160	1.39598811902011e-161	3.08532863855094e-164	3.17886985584671e-168	1.52684012591987e-173	3.41871896642583e-180	3.56847081192431e-188	1.73640002131241e-197	3.93882147216187e-208	4.16516001321151e-220	2.05326953306406e-233	4.7185560109813e-248	5.05499982892413e-264	2.52453882876277e-281	5.87748924713794e-300	6.37937561910218e-320	0	0	0	0	0	0	0	0	0	0	0	0	0	0	0	0	0	0	0	0	0	0	0	0	0	0	0	0	0	0	0	0	0	0	0	0	0	0	0	0	0	0	0	0	0	0	0
1.34848484848485	1.34848484848485	0	0	0	0	0	0	0	0	0	0	0	0	0	0	0	0	0	0	0	0	0	2.03638317160456e-310	2.26516513075713e-293	1.50206147987708e-277	5.30941184893194e-263	9.33803366478965e-250	8.10162260158903e-238	3.69473933776597e-227	1.92990271426796e-217	1.12130646739544e-207	8.32174422780642e-199	4.88866164817711e-191	1.90768133392918e-184	3.93678256245688e-179	3.91299463493115e-175	1.82705674411195e-172	3.98386541173641e-171	4.05115873811195e-171	1.9206227432153e-172	4.24485328323768e-175	4.37355113061878e-179	2.10065664286151e-184	4.70354083636703e-191	4.90957239992688e-199	2.38897333898739e-208	5.41910813823568e-219	5.73050916007405e-231	2.82492865344363e-244	6.49188227054293e-259	6.95476830001441e-275	3.47331022999752e-292	8.08636543680753e-311	0	0	0	0	0	0	0	0	0	0	0	0	0	0	0	0	0	0	0	0	0	0	0	0	0	0	0	0	0	0	0	0	0	0	0	0	0	0	0	0	0	0	0	0	0	0	0	0
1.37878787878788	1.37878787878788	0	0	0	0	0	0	0	0	0	0	0	0	0	0	0	0	0	0	0	0	0	2.37151510003798e-322	2.98322728924588e-305	2.11193290529487e-289	7.68354059947277e-275	1.37121511392617e-261	1.21011152463708e-249	5.83912997619527e-239	5.8920986506403e-229	5.22516516248218e-219	4.32332964681377e-210	2.78767869874522e-202	1.13121037003233e-195	2.35948468496239e-190	2.35118752226514e-186	1.09845690163362e-183	2.39548375570486e-182	2.43602037942387e-182	1.15490615433562e-183	2.55251314538533e-186	2.62990260150888e-190	1.26316639447035e-195	2.82833220166837e-202	2.95222307100375e-210	1.43653696075385e-219	3.25861700066394e-230	3.4458685997843e-242	1.69868552195345e-255	3.90369732339336e-270	4.18203985626685e-286	2.08857019938404e-303	4.84184332924422e-322	0	0	0	0	0	0	0	0	0	0	0	0	0	0	0	0	0	0	0	0	0	0	0	0	0	0	0	0	0	0	0	0	0	0	0	0	0	0	0	0	0	0	0	0	0	0	0	0
1.40909090909091	1.40909090909091	0	0	0	0	0	0	0	0	0	0	0	0	0	0	0	0	0	0	0	0	0	0	1.77298668436829e-317	1.31655645538644e-301	4.88796023298803e-287	8.83118354440298e-274	7.94490615175468e-262	4.22944008030337e-251	9.62593771659654e-241	1.08876859112558e-230	1.00384910768766e-221	7.02996744635222e-214	2.94191895581292e-207	6.18588111023999e-202	6.17580151237513e-198	2.88653710528329e-195	6.29549867106719e-194	6.40217503405994e-194	3.03525741968093e-195	6.70837485585455e-198	6.91176738581876e-202	3.31978560837451e-207	7.43326984223473e-214	7.75887315346921e-222	3.77542882040458e-231	8.56412113090288e-242	9.05624566642104e-254	4.46439350528099e-267	1.02594863804638e-281	1.09910111859411e-297	5.48906734409301e-315	0	0	0	0	0	0	0	0	0	0	0	0	0	0	0	0	0	0	0	0	0	0	0	0	0	0	0	0	0	0	0	0	0	0	0	0	0	0	0	0	0	0	0	0	0	0	0	0	0
1.43939393939394	1.43939393939394	0	0	0	0	0	0	0	0	0	0	0	0	0	0	0	0	0	0	0	0	0	0	0	3.62252633120027e-314	1.3646695232526e-299	2.49401777576231e-286	2.29632846203225e-274	1.48030728284039e-263	7.72798282078197e-253	1.01260658070985e-242	1.0403889625171e-233	7.82224573718498e-226	3.35277473254163e-219	7.09254655405846e-214	7.09097390038031e-210	3.3153507440153e-207	7.23126467943392e-206	7.35391973000647e-206	3.48649069801471e-207	7.70567479285319e-210	7.93930620074011e-214	3.81332214467944e-219	8.5383383523086e-226	8.91234756360338e-234	4.33670369407606e-243	9.83730789693178e-254	1.04025942243796e-265	5.12809345111646e-279	1.17847149578801e-293	1.26249920436437e-309	0	0	0	0	0	0	0	0	0	0	0	0	0	0	0	0	0	0	0	0	0	0	0	0	0	0	0	0	0	0	0	0	0	0	0	0	0	0	0	0	0	0	0	0	0	0	0	0	0	0
1.46969696969697	1.46969696969697	0	0	0	0	0	0	0	0	0	0	0	0	0	0	0	0	0	0	0	0	0	0	0	0	1.67040734382866e-312	3.0888036534248e-299	2.93147981405416e-287	2.72838705636676e-276	2.87536943485332e-265	4.20485700755949e-255	4.80347972766813e-246	3.83281322848623e-238	1.6733398436211e-231	3.55590191602124e-226	3.55884359355629e-222	1.66431823882578e-219	3.63031878147557e-218	3.69194100989189e-218	1.75035281366562e-219	3.86854843851355e-222	3.98584106830089e-226	1.9144363658343e-231	4.28657872249251e-238	4.47434593500136e-246	2.17719432662186e-255	4.93871208530113e-266	5.22250786025214e-278	2.57450283833225e-291	5.91638635240243e-306	6.37344683135208e-322	0	0	0	0	0	0	0	0	0	0	0	0	0	0	0	0	0	0	0	0	0	0	0	0	0	0	0	0	0	0	0	0	0	0	0	0	0	0	0	0	0	0	0	0	0	0	0	0	0	0
1.5	1.5	0	0	0	0	0	0	0	0	0	0	0	0	0	0	0	0	0	0	0	0	0	0	0	0	0	1.67825337446345e-312	1.66565930377701e-300	2.83231753767258e-289	4.82479139562028e-278	7.80170745319883e-268	9.8564907066746e-259	8.25645501571079e-251	3.65557729371449e-244	7.79457638673397e-239	7.80711259675922e-235	3.65170008009156e-232	7.96564655825226e-231	8.10093238778915e-231	3.84066790399836e-232	8.48846971683917e-235	8.74583719899762e-239	4.20070667772608e-244	9.40572394324649e-251	9.81772771915784e-259	4.77725714709862e-268	1.08366521628347e-278	1.14593643287076e-290	5.64904195058796e-304	1.29819206904308e-318	0	0	0	0	0	0	0	0	0	0	0	0	0	0	0	0	0	0	0	0	0	0	0	0	0	0	0	0	0	0	0	0	0	0	0	0	0	0	0	0	0	0	0	0	0	0	0	0	0	0	0
